round,alpha,beta,give,keep,steal,p0,p1,p2,p3,p4,p5,p6,p7,p8,p9,p10,p11,p12,p13,p14,p0-T-p0,p0-T-p1,p0-T-p2,p0-T-p3,p0-T-p4,p0-T-p5,p0-T-p6,p0-T-p7,p0-T-p8,p0-T-p9,p0-T-p10,p0-T-p11,p0-T-p12,p0-T-p13,p0-T-p14,p1-T-p0,p1-T-p1,p1-T-p2,p1-T-p3,p1-T-p4,p1-T-p5,p1-T-p6,p1-T-p7,p1-T-p8,p1-T-p9,p1-T-p10,p1-T-p11,p1-T-p12,p1-T-p13,p1-T-p14,p2-T-p0,p2-T-p1,p2-T-p2,p2-T-p3,p2-T-p4,p2-T-p5,p2-T-p6,p2-T-p7,p2-T-p8,p2-T-p9,p2-T-p10,p2-T-p11,p2-T-p12,p2-T-p13,p2-T-p14,p3-T-p0,p3-T-p1,p3-T-p2,p3-T-p3,p3-T-p4,p3-T-p5,p3-T-p6,p3-T-p7,p3-T-p8,p3-T-p9,p3-T-p10,p3-T-p11,p3-T-p12,p3-T-p13,p3-T-p14,p4-T-p0,p4-T-p1,p4-T-p2,p4-T-p3,p4-T-p4,p4-T-p5,p4-T-p6,p4-T-p7,p4-T-p8,p4-T-p9,p4-T-p10,p4-T-p11,p4-T-p12,p4-T-p13,p4-T-p14,p5-T-p0,p5-T-p1,p5-T-p2,p5-T-p3,p5-T-p4,p5-T-p5,p5-T-p6,p5-T-p7,p5-T-p8,p5-T-p9,p5-T-p10,p5-T-p11,p5-T-p12,p5-T-p13,p5-T-p14,p6-T-p0,p6-T-p1,p6-T-p2,p6-T-p3,p6-T-p4,p6-T-p5,p6-T-p6,p6-T-p7,p6-T-p8,p6-T-p9,p6-T-p10,p6-T-p11,p6-T-p12,p6-T-p13,p6-T-p14,p7-T-p0,p7-T-p1,p7-T-p2,p7-T-p3,p7-T-p4,p7-T-p5,p7-T-p6,p7-T-p7,p7-T-p8,p7-T-p9,p7-T-p10,p7-T-p11,p7-T-p12,p7-T-p13,p7-T-p14,p8-T-p0,p8-T-p1,p8-T-p2,p8-T-p3,p8-T-p4,p8-T-p5,p8-T-p6,p8-T-p7,p8-T-p8,p8-T-p9,p8-T-p10,p8-T-p11,p8-T-p12,p8-T-p13,p8-T-p14,p9-T-p0,p9-T-p1,p9-T-p2,p9-T-p3,p9-T-p4,p9-T-p5,p9-T-p6,p9-T-p7,p9-T-p8,p9-T-p9,p9-T-p10,p9-T-p11,p9-T-p12,p9-T-p13,p9-T-p14,p10-T-p0,p10-T-p1,p10-T-p2,p10-T-p3,p10-T-p4,p10-T-p5,p10-T-p6,p10-T-p7,p10-T-p8,p10-T-p9,p10-T-p10,p10-T-p11,p10-T-p12,p10-T-p13,p10-T-p14,p11-T-p0,p11-T-p1,p11-T-p2,p11-T-p3,p11-T-p4,p11-T-p5,p11-T-p6,p11-T-p7,p11-T-p8,p11-T-p9,p11-T-p10,p11-T-p11,p11-T-p12,p11-T-p13,p11-T-p14,p12-T-p0,p12-T-p1,p12-T-p2,p12-T-p3,p12-T-p4,p12-T-p5,p12-T-p6,p12-T-p7,p12-T-p8,p12-T-p9,p12-T-p10,p12-T-p11,p12-T-p12,p12-T-p13,p12-T-p14,p13-T-p0,p13-T-p1,p13-T-p2,p13-T-p3,p13-T-p4,p13-T-p5,p13-T-p6,p13-T-p7,p13-T-p8,p13-T-p9,p13-T-p10,p13-T-p11,p13-T-p12,p13-T-p13,p13-T-p14,p14-T-p0,p14-T-p1,p14-T-p2,p14-T-p3,p14-T-p4,p14-T-p5,p14-T-p6,p14-T-p7,p14-T-p8,p14-T-p9,p14-T-p10,p14-T-p11,p14-T-p12,p14-T-p13,p14-T-p14,p0-I-p0,p0-I-p1,p0-I-p2,p0-I-p3,p0-I-p4,p0-I-p5,p0-I-p6,p0-I-p7,p0-I-p8,p0-I-p9,p0-I-p10,p0-I-p11,p0-I-p12,p0-I-p13,p0-I-p14,p1-I-p0,p1-I-p1,p1-I-p2,p1-I-p3,p1-I-p4,p1-I-p5,p1-I-p6,p1-I-p7,p1-I-p8,p1-I-p9,p1-I-p10,p1-I-p11,p1-I-p12,p1-I-p13,p1-I-p14,p2-I-p0,p2-I-p1,p2-I-p2,p2-I-p3,p2-I-p4,p2-I-p5,p2-I-p6,p2-I-p7,p2-I-p8,p2-I-p9,p2-I-p10,p2-I-p11,p2-I-p12,p2-I-p13,p2-I-p14,p3-I-p0,p3-I-p1,p3-I-p2,p3-I-p3,p3-I-p4,p3-I-p5,p3-I-p6,p3-I-p7,p3-I-p8,p3-I-p9,p3-I-p10,p3-I-p11,p3-I-p12,p3-I-p13,p3-I-p14,p4-I-p0,p4-I-p1,p4-I-p2,p4-I-p3,p4-I-p4,p4-I-p5,p4-I-p6,p4-I-p7,p4-I-p8,p4-I-p9,p4-I-p10,p4-I-p11,p4-I-p12,p4-I-p13,p4-I-p14,p5-I-p0,p5-I-p1,p5-I-p2,p5-I-p3,p5-I-p4,p5-I-p5,p5-I-p6,p5-I-p7,p5-I-p8,p5-I-p9,p5-I-p10,p5-I-p11,p5-I-p12,p5-I-p13,p5-I-p14,p6-I-p0,p6-I-p1,p6-I-p2,p6-I-p3,p6-I-p4,p6-I-p5,p6-I-p6,p6-I-p7,p6-I-p8,p6-I-p9,p6-I-p10,p6-I-p11,p6-I-p12,p6-I-p13,p6-I-p14,p7-I-p0,p7-I-p1,p7-I-p2,p7-I-p3,p7-I-p4,p7-I-p5,p7-I-p6,p7-I-p7,p7-I-p8,p7-I-p9,p7-I-p10,p7-I-p11,p7-I-p12,p7-I-p13,p7-I-p14,p8-I-p0,p8-I-p1,p8-I-p2,p8-I-p3,p8-I-p4,p8-I-p5,p8-I-p6,p8-I-p7,p8-I-p8,p8-I-p9,p8-I-p10,p8-I-p11,p8-I-p12,p8-I-p13,p8-I-p14,p9-I-p0,p9-I-p1,p9-I-p2,p9-I-p3,p9-I-p4,p9-I-p5,p9-I-p6,p9-I-p7,p9-I-p8,p9-I-p9,p9-I-p10,p9-I-p11,p9-I-p12,p9-I-p13,p9-I-p14,p10-I-p0,p10-I-p1,p10-I-p2,p10-I-p3,p10-I-p4,p10-I-p5,p10-I-p6,p10-I-p7,p10-I-p8,p10-I-p9,p10-I-p10,p10-I-p11,p10-I-p12,p10-I-p13,p10-I-p14,p11-I-p0,p11-I-p1,p11-I-p2,p11-I-p3,p11-I-p4,p11-I-p5,p11-I-p6,p11-I-p7,p11-I-p8,p11-I-p9,p11-I-p10,p11-I-p11,p11-I-p12,p11-I-p13,p11-I-p14,p12-I-p0,p12-I-p1,p12-I-p2,p12-I-p3,p12-I-p4,p12-I-p5,p12-I-p6,p12-I-p7,p12-I-p8,p12-I-p9,p12-I-p10,p12-I-p11,p12-I-p12,p12-I-p13,p12-I-p14,p13-I-p0,p13-I-p1,p13-I-p2,p13-I-p3,p13-I-p4,p13-I-p5,p13-I-p6,p13-I-p7,p13-I-p8,p13-I-p9,p13-I-p10,p13-I-p11,p13-I-p12,p13-I-p13,p13-I-p14,p14-I-p0,p14-I-p1,p14-I-p2,p14-I-p3,p14-I-p4,p14-I-p5,p14-I-p6,p14-I-p7,p14-I-p8,p14-I-p9,p14-I-p10,p14-I-p11,p14-I-p12,p14-I-p13,p14-I-p14
0,0.2,0.5,1.3,0.95,1.6,100.0,100.0,100.0,100.0,100.0,100.0,100.0,100.0,100.0,100.0,100.0,100.0,100.0,100.0,100.0,0.0,0.0,0.0,0.0,0.0,0.0,0.0,0.0,0.0,0.0,0.0,0.0,0.0,0.0,0.0,0.0,0.0,0.0,0.0,0.0,0.0,0.0,0.0,0.0,0.0,0.0,0.0,0.0,0.0,0.0,0.0,0.0,0.0,0.0,0.0,0.0,0.0,0.0,0.0,0.0,0.0,0.0,0.0,0.0,0.0,0.0,0.0,0.0,0.0,0.0,0.0,0.0,0.0,0.0,0.0,0.0,0.0,0.0,0.0,0.0,0.0,0.0,0.0,0.0,0.0,0.0,0.0,0.0,0.0,0.0,0.0,0.0,0.0,0.0,0.0,0.0,0.0,0.0,0.0,0.0,0.0,0.0,0.0,0.0,0.0,0.0,0.0,0.0,0.0,0.0,0.0,0.0,0.0,0.0,0.0,0.0,0.0,0.0,0.0,0.0,0.0,0.0,0.0,0.0,0.0,0.0,0.0,0.0,0.0,0.0,0.0,0.0,0.0,0.0,0.0,0.0,0.0,0.0,0.0,0.0,0.0,0.0,0.0,0.0,0.0,0.0,0.0,0.0,0.0,0.0,0.0,0.0,0.0,0.0,0.0,0.0,0.0,0.0,0.0,0.0,0.0,0.0,0.0,0.0,0.0,0.0,0.0,0.0,0.0,0.0,0.0,0.0,0.0,0.0,0.0,0.0,0.0,0.0,0.0,0.0,0.0,0.0,0.0,0.0,0.0,0.0,0.0,0.0,0.0,0.0,0.0,0.0,0.0,0.0,0.0,0.0,0.0,0.0,0.0,0.0,0.0,0.0,0.0,0.0,0.0,0.0,0.0,0.0,0.0,0.0,0.0,0.0,0.0,0.0,0.0,0.0,0.0,0.0,0.0,0.0,0.0,0.0,0.0,0.0,0.0,0.0,0.0,0.0,0.0,0.0,0.0,0.0,0.0,0.0,0.0,0.0,0.0,0.0,0.0,0.0,0.0,0.0,0.0,0.0,0.0,1.0,0.0,0.0,0.0,0.0,0.0,0.0,0.0,0.0,0.0,0.0,0.0,0.0,0.0,0.0,0.0,1.0,0.0,0.0,0.0,0.0,0.0,0.0,0.0,0.0,0.0,0.0,0.0,0.0,0.0,0.0,0.0,1.0,0.0,0.0,0.0,0.0,0.0,0.0,0.0,0.0,0.0,0.0,0.0,0.0,0.0,0.0,0.0,1.0,0.0,0.0,0.0,0.0,0.0,0.0,0.0,0.0,0.0,0.0,0.0,0.0,0.0,0.0,0.0,1.0,0.0,0.0,0.0,0.0,0.0,0.0,0.0,0.0,0.0,0.0,0.0,0.0,0.0,0.0,0.0,1.0,0.0,0.0,0.0,0.0,0.0,0.0,0.0,0.0,0.0,0.0,0.0,0.0,0.0,0.0,0.0,1.0,0.0,0.0,0.0,0.0,0.0,0.0,0.0,0.0,0.0,0.0,0.0,0.0,0.0,0.0,0.0,1.0,0.0,0.0,0.0,0.0,0.0,0.0,0.0,0.0,0.0,0.0,0.0,0.0,0.0,0.0,0.0,1.0,0.0,0.0,0.0,0.0,0.0,0.0,0.0,0.0,0.0,0.0,0.0,0.0,0.0,0.0,0.0,1.0,0.0,0.0,0.0,0.0,0.0,0.0,0.0,0.0,0.0,0.0,0.0,0.0,0.0,0.0,0.0,1.0,0.0,0.0,0.0,0.0,0.0,0.0,0.0,0.0,0.0,0.0,0.0,0.0,0.0,0.0,0.0,1.0,0.0,0.0,0.0,0.0,0.0,0.0,0.0,0.0,0.0,0.0,0.0,0.0,0.0,0.0,0.0,1.0,0.0,0.0,0.0,0.0,0.0,0.0,0.0,0.0,0.0,0.0,0.0,0.0,0.0,0.0,0.0,1.0,0.0,0.0,0.0,0.0,0.0,0.0,0.0,0.0,0.0,0.0,0.0,0.0,0.0,0.0,0.0,1.0
1,0.2,0.5,1.3,0.95,1.6,99.86666666666667,99.0,101.6,99.86666666666667,103.33333333333334,101.6,104.2,92.96666666666667,103.33333333333334,103.56666666666666,99.0,100.73333333333333,92.1,103.4,92.1,1.0,0.0,0.0,0.0,0.0,0.0,0.0,0.0,0.0,0.0,0.0,0.0,0.0,0.0,0.0,0.0,1.0,0.0,0.0,0.0,0.0,0.0,0.0,0.0,0.0,0.0,0.0,0.0,0.0,0.0,0.0,0.0,1.0,0.0,0.0,0.0,0.0,0.0,0.0,0.0,0.0,0.0,0.0,0.0,0.0,0.0,0.0,0.0,1.0,0.0,0.0,0.0,0.0,0.0,0.0,0.0,0.0,0.0,0.0,0.0,0.0,0.0,0.0,0.0,1.0,0.0,0.0,0.0,0.0,0.0,0.0,0.0,0.0,0.0,0.0,0.0,0.0,0.0,0.0,0.0,1.0,0.0,0.0,0.0,0.0,0.0,0.0,0.0,0.0,0.0,0.0,0.0,0.0,0.0,0.0,0.0,1.0,0.0,0.0,0.0,0.0,0.0,0.0,0.0,0.0,0.0,0.0,0.0,0.03333333333333333,0.0,0.06666666666666667,0.06666666666666667,0.5,0.1,0.1,0.0,0.03333333333333333,0.03333333333333333,0.03333333333333333,0.03333333333333333,0.0,0.0,0.0,0.0,0.0,0.0,0.0,0.0,1.0,0.0,0.0,0.0,0.0,0.0,0.0,0.0,0.0,0.0,0.0,0.0,0.03333333333333333,0.0,0.0,0.0,0.9666666666666667,0.0,0.0,0.0,0.0,0.0,0.0,0.0,0.0,0.0,0.0,0.0,0.0,0.0,0.0,0.0,1.0,0.0,0.0,0.0,0.0,0.0,0.0,0.0,0.0,0.0,0.0,0.0,0.0,0.0,0.0,0.0,1.0,0.0,0.0,0.0,0.0,0.0,0.0,0.0,0.06666666666666667,0.0,0.13333333333333333,0.03333333333333333,0.06666666666666667,0.0,0.0,0.0,0.5,0.13333333333333333,0.06666666666666667,0.0,0.0,0.0,0.0,0.06666666666666667,0.0,0.0,0.0,0.0,0.0,0.0,0.0,0.06666666666666667,0.8666666666666667,0.0,0.03333333333333333,0.0,0.1,0.0,0.03333333333333333,0.0,0.0,0.1,0.0,0.1,0.0,0.03333333333333333,0.0,0.1,0.5,19.0,0.0,0.0,0.0,0.0,0.0,0.0,0.0,0.0,0.0,0.0,0.0,0.0,0.0,0.0,0.0,19.0,0.0,0.0,0.0,0.0,0.0,0.0,0.0,0.0,0.0,0.0,0.0,0.0,0.0,0.0,0.0,19.0,0.0,0.0,0.0,0.0,0.0,0.0,0.0,0.0,0.0,0.0,0.0,0.0,0.0,0.0,0.0,19.0,0.0,0.0,0.0,0.0,0.0,0.0,0.0,0.0,0.0,0.0,0.0,0.0,0.0,0.0,0.0,19.0,0.0,0.0,0.0,0.0,0.0,0.0,0.0,0.0,0.0,0.0,0.0,0.0,0.0,0.0,0.0,19.0,0.0,0.0,0.0,0.0,0.0,0.0,0.0,0.0,0.0,0.0,0.0,0.0,0.0,0.0,0.0,19.0,0.0,0.0,0.0,0.0,0.0,0.0,0.0,0.0,0.0,0.0,0.0,0.8666666666666668,0.0,1.7333333333333336,1.7333333333333336,9.5,2.6,2.6,0.0,0.8666666666666668,0.8666666666666668,0.8666666666666668,0.8666666666666668,0.0,0.0,0.0,0.0,0.0,0.0,0.0,0.0,19.0,0.0,0.0,0.0,0.0,0.0,0.0,0.0,0.0,0.0,0.0,0.0,0.8666666666666668,0.0,0.0,0.0,18.366666666666667,0.0,0.0,0.0,0.0,0.0,0.0,0.0,0.0,0.0,0.0,0.0,0.0,0.0,0.0,0.0,19.0,0.0,0.0,0.0,0.0,0.0,0.0,0.0,0.0,0.0,0.0,0.0,0.0,0.0,0.0,0.0,19.0,0.0,0.0,0.0,0.0,0.0,0.0,0.0,1.7333333333333336,0.0,3.4666666666666672,0.8666666666666668,1.7333333333333336,0.0,0.0,0.0,9.5,3.4666666666666672,1.7333333333333336,0.0,0.0,0.0,0.0,1.7333333333333336,0.0,0.0,0.0,0.0,0.0,0.0,0.0,1.7333333333333336,16.46666666666667,0.0,0.8666666666666668,0.0,2.6,0.0,0.8666666666666668,0.0,0.0,2.6,0.0,2.6,0.0,0.8666666666666668,0.0,2.6,9.5
2,0.2,0.5,1.3,0.95,1.6,93.78818391487258,104.81475723830737,95.81952615689187,101.3477728285078,102.51596733481813,96.18436585003712,96.08153956941354,109.69382125711459,97.86536847315023,98.72342360801784,92.93475723830736,99.74844394951747,105.82037800049494,106.08381049245239,101.594279064588,0.7333333333333333,0.0,0.0,0.26666666666666666,0.0,0.0,0.0,0.0,0.0,0.0,0.0,0.0,0.0,0.0,0.0,0.0,1.0,0.0,0.0,0.0,0.0,0.0,0.0,0.0,0.0,0.0,0.0,0.0,0.0,0.0,0.0,0.0,0.6666666666666666,0.0,0.0,0.0,0.0,0.06666666666666667,0.0,0.0,0.0,0.0,0.06666666666666667,0.0,0.2,0.0,0.0,0.0,0.7666666666666667,0.0,0.0,0.0,0.23333333333333334,0.0,0.0,0.0,0.0,0.0,0.0,0.0,0.0,0.0,0.0,0.0,1.0,0.0,0.0,0.0,0.0,0.0,0.0,0.0,0.0,0.0,0.0,0.0,0.0,0.0,0.0,0.0,0.7666666666666667,0.0,0.23333333333333334,0.0,0.0,0.0,0.0,0.0,0.0,0.0,0.0,0.0,0.0,0.0,0.0,0.0,0.6333333333333333,0.0,0.0,0.0,0.0,0.0,0.23333333333333334,0.13333333333333333,0.0,0.0,0.0,0.06666666666666667,0.0,0.0,0.0,0.0,0.43333333333333335,0.0,0.0,0.0,0.0,0.13333333333333333,0.06666666666666667,0.3,0.0,0.0,0.0,0.0,0.0,0.0,0.0,0.23333333333333334,0.7666666666666667,0.0,0.0,0.0,0.0,0.0,0.0,0.0,0.0,0.0,0.0,0.0,0.0,0.0,0.2,0.0,0.8,0.0,0.0,0.0,0.0,0.0,0.0,0.26666666666666666,0.0,0.0,0.0,0.0,0.0,0.0,0.0,0.0,0.7333333333333333,0.0,0.0,0.0,0.0,0.0,0.0,0.0,0.0,0.0,0.0,0.0,0.0,0.0,0.0,0.0,1.0,0.0,0.0,0.0,0.0,0.0,0.0,0.0,0.0,0.0,0.0,0.0,0.0,0.0,0.0,0.0,0.9,0.1,0.0,0.0,0.0,0.0,0.0,0.0,0.0,0.0,0.0,0.0,0.0,0.0,0.0,0.2,0.8,0.0,0.0,0.0,0.0,0.0,0.0,0.0,0.0,0.1,0.0,0.0,0.0,0.0,0.0,0.0,0.9,29.12152615689186,0.0,0.0,6.924088888888889,0.0,0.0,0.0,0.0,0.0,0.0,0.0,0.0,0.0,0.0,0.0,0.0,33.95075723830735,0.0,0.0,0.0,0.0,0.0,0.0,0.0,0.0,0.0,0.0,0.0,0.0,0.0,0.0,0.0,28.20813066072754,0.0,0.0,0.0,0.0,1.7610666666666668,0.0,0.0,0.0,0.0,1.7610666666666668,0.0,5.283200000000001,0.0,0.0,0.0,29.75401504578075,0.0,0.0,0.0,6.058577777777779,0.0,0.0,0.0,0.0,0.0,0.0,0.0,0.0,0.0,0.0,0.0,35.10415738678545,0.0,0.0,0.0,0.0,0.0,0.0,0.0,0.0,0.0,0.0,0.0,0.0,0.0,0.0,0.0,30.13853066072754,0.0,6.163733333333333,0.0,0.0,0.0,0.0,0.0,0.0,0.0,0.0,0.0,0.0,0.0,0.0,0.0,28.075570749814403,0.0,0.0,0.0,0.0,0.0,6.321466666666668,3.6122666666666667,0.0,0.0,0.0,1.6114222222222225,0.6696688938381591,0.0,1.3393377876763182,1.3393377876763182,14.994856891858454,2.009006681514477,2.009006681514477,0.0,0.6696688938381591,3.8925133382826043,2.2810911160603817,7.92106889383816,0.0,0.0,0.0,0.0,0.0,0.0,0.0,6.26888888888889,30.523046275674343,0.0,0.0,0.0,0.0,0.0,0.0,0.0,0.0,0.0,0.0,0.0,0.7064974016332591,0.0,5.385466666666667,0.0,30.71444365256125,0.0,0.0,0.0,0.0,0.0,0.0,6.864000000000001,0.0,0.0,0.0,0.0,0.0,0.0,0.0,0.0,28.93475723830735,0.0,0.0,0.0,0.0,0.0,0.0,0.0,0.0,0.0,0.0,0.0,0.0,0.0,0.0,0.0,34.41211729769859,0.0,0.0,0.0,0.0,0.0,0.0,0.0,1.333315515961396,0.0,2.666631031922792,0.666657757980698,1.333315515961396,0.0,0.0,0.0,23.056694654788416,5.061231031922793,1.333315515961396,0.0,0.0,0.0,0.0,1.411836674090572,0.0,0.0,0.0,0.0,0.0,0.0,0.0,6.788636674090573,29.129248403860434,0.0,0.666657757980698,0.0,1.9999732739420937,0.0,0.666657757980698,0.0,0.0,4.394573273942093,0.0,1.9999732739420937,0.0,0.666657757980698,0.0,1.9999732739420937,23.056694654788416
3,0.2,0.5,1.3,0.95,1.6,92.1201027684073,104.32312198192582,96.94839743044926,100.32544857243417,101.4309864294466,97.9306045370434,93.21193255874886,98.49414605489837,103.9054020136289,96.69246405820053,91.25197921772696,98.62878998433965,112.5901440935593,100.97488420091808,107.03299467645115,1.0,0.0,0.0,0.0,0.0,0.0,0.0,0.0,0.0,0.0,0.0,0.0,0.0,0.0,0.0,0.0,1.0,0.0,0.0,0.0,0.0,0.0,0.0,0.0,0.0,0.0,0.0,0.0,0.0,0.0,0.0,0.0,0.9333333333333333,0.0,0.0,0.06666666666666667,0.0,0.0,0.0,0.0,0.0,0.0,0.0,0.0,0.0,0.0,0.0,0.0,1.0,0.0,0.0,0.0,0.0,0.0,0.0,0.0,0.0,0.0,0.0,0.0,0.0,0.0,0.0,0.0,1.0,0.0,0.0,0.0,0.0,0.0,0.0,0.0,0.0,0.0,0.0,0.0,0.0,0.0,0.0,0.0,1.0,0.0,0.0,0.0,0.0,0.0,0.0,0.0,0.0,0.0,0.0,0.0,0.0,0.0,0.0,0.06666666666666667,0.9333333333333333,0.0,0.0,0.0,0.0,0.0,0.0,0.0,0.0,0.0,0.0,0.13333333333333333,0.0,0.0,0.0,0.0,0.43333333333333335,0.23333333333333334,0.0,0.0,0.0,0.0,0.0,0.2,0.0,0.0,0.0,0.0,0.0,0.0,0.0,0.0,1.0,0.0,0.0,0.0,0.0,0.0,0.0,0.0,0.0,0.0,0.0,0.0,0.0,0.0,0.0,0.03333333333333333,0.9666666666666667,0.0,0.0,0.0,0.0,0.0,0.0,0.0,0.0,0.0,0.0,0.0,0.0,0.0,0.0,0.0,1.0,0.0,0.0,0.0,0.0,0.0,0.0,0.0,0.0,0.0,0.0,0.0,0.0,0.0,0.0,0.0,1.0,0.0,0.0,0.0,0.0,0.0,0.0,0.0,0.0,0.0,0.0,0.0,0.0,0.0,0.0,0.0,1.0,0.0,0.0,0.0,0.0,0.0,0.0,0.0,0.0,0.0,0.0,0.0,0.0,0.0,0.0,0.23333333333333334,0.7666666666666667,0.0,0.0,0.0,0.0,0.0,0.0,0.0,0.0,0.03333333333333333,0.0,0.0,0.0,0.0,0.0,0.0,0.9666666666666667,40.36158008656037,0.0,0.0,5.359705941555654,0.0,0.0,0.0,0.0,0.0,0.0,0.0,0.0,0.0,0.0,0.0,0.0,47.81101997169893,0.0,0.0,0.0,0.0,0.0,0.0,0.0,0.0,0.0,0.0,0.0,0.0,0.0,0.0,0.0,38.868210568313074,0.0,0.0,1.6608717867194593,0.0,1.3659687360940609,0.0,0.0,0.0,0.0,1.3659687360940609,0.0,4.097906208282183,0.0,0.0,0.0,43.18480229900891,0.0,0.0,0.0,4.872413726686503,0.0,0.0,0.0,0.0,0.0,0.0,0.0,0.0,0.0,0.0,0.0,47.39012734247423,0.0,0.0,0.0,0.0,0.0,0.0,0.0,0.0,0.0,0.0,0.0,0.0,0.0,0.0,0.0,41.691861912764935,0.0,4.789706616791163,0.0,0.0,0.0,0.0,0.0,0.0,0.0,0.0,0.0,0.0,0.0,0.0,1.6654133525365014,38.56917372968813,0.0,0.0,0.0,0.0,0.0,4.850315240627253,2.7716087089298593,0.0,0.0,0.0,5.204618816595412,0.5809403318695898,0.0,1.1618806637391796,1.1618806637391796,22.058481220306533,8.397579485207055,1.7428209956087697,0.0,0.5809403318695898,3.384739691233803,1.9828400115516964,12.593567595809027,0.0,0.0,0.0,0.0,0.0,0.0,0.0,4.872388835741944,42.31178044115825,0.0,0.0,0.0,0.0,0.0,0.0,0.0,0.0,0.0,0.0,0.0,0.5505768212832954,0.0,4.198958768158883,0.8556030046028212,42.07407501705098,0.0,0.0,0.0,0.0,0.0,0.0,5.312102010226874,0.0,0.0,0.0,0.0,0.0,0.0,0.0,0.0,40.05197921772694,0.0,0.0,0.0,0.0,0.0,0.0,0.0,0.0,0.0,0.0,0.0,0.0,0.0,0.0,0.0,46.28932697062312,0.0,0.0,0.0,0.0,0.0,0.0,0.0,1.1404390826607647,0.0,2.2808781653215293,0.5702195413303823,1.1404390826607647,0.0,0.0,0.0,39.86353056281983,4.334600726910487,1.1404390826607647,0.0,0.0,0.0,0.0,1.1418973224646758,0.0,0.0,0.0,0.0,0.0,0.0,0.0,11.925589862784339,39.01026670798526,0.0,0.5585226818469248,0.0,1.6755680455407742,0.0,0.5585226818469248,0.0,0.0,4.566008609788891,0.0,1.6755680455407742,0.0,0.5585226818469248,0.0,1.6755680455407742,38.00108178969916
4,0.2,0.5,1.3,0.95,1.6,91.00471109674169,103.25371899367047,108.30404898398807,99.1785844555104,100.33071388806292,98.126783717274,101.24886946581364,102.41457291288313,103.4122551954159,97.51816036443488,95.91107823772744,97.5120071649186,99.37028137170157,102.32537053455209,95.24130140307797,1.0,0.0,0.0,0.0,0.0,0.0,0.0,0.0,0.0,0.0,0.0,0.0,0.0,0.0,0.0,0.0,1.0,0.0,0.0,0.0,0.0,0.0,0.0,0.0,0.0,0.0,0.0,0.0,0.0,0.0,0.0,0.0,0.9,0.0,0.0,0.0,0.0,0.0,0.0,0.0,0.1,0.0,0.0,0.0,0.0,0.0,0.0,0.0,1.0,0.0,0.0,0.0,0.0,0.0,0.0,0.0,0.0,0.0,0.0,0.0,0.0,0.0,0.0,0.0,1.0,0.0,0.0,0.0,0.0,0.0,0.0,0.0,0.0,0.0,0.0,0.0,0.0,0.0,0.0,0.0,1.0,0.0,0.0,0.0,0.0,0.0,0.0,0.0,0.0,0.0,0.0,0.0,0.0,0.0,0.0,0.0,0.9,0.0,0.0,0.0,0.1,0.0,0.0,0.0,0.0,0.0,0.0,0.03333333333333333,0.0,0.0,0.03333333333333333,0.0,0.8,0.06666666666666667,0.0,0.0,0.0,0.0,0.0,0.06666666666666667,0.0,0.0,0.0,0.0,0.0,0.0,0.0,0.0,0.9,0.1,0.0,0.0,0.0,0.0,0.0,0.0,0.0,0.0,0.0,0.0,0.0,0.0,0.0,0.0,0.9666666666666667,0.03333333333333333,0.0,0.0,0.0,0.0,0.0,0.0,0.0,0.0,0.0,0.0,0.0,0.0,0.0,0.0,1.0,0.0,0.0,0.0,0.0,0.0,0.0,0.0,0.0,0.0,0.0,0.0,0.0,0.0,0.0,0.0,1.0,0.0,0.0,0.0,0.0,0.0,0.16666666666666666,0.0,0.0,0.0,0.2,0.0,0.0,0.0,0.0,0.0,0.4,0.23333333333333334,0.0,0.0,0.0,0.0,0.0,0.0,0.0,0.2,0.0,0.0,0.0,0.0,0.0,0.0,0.8,0.0,0.0,0.0,0.3,0.0,0.0,0.0,0.0,0.3333333333333333,0.0,0.0,0.0,0.0,0.0,0.0,0.36666666666666664,49.58471688254835,0.0,0.0,4.260646718580044,0.0,0.0,0.0,0.0,0.0,0.0,0.0,0.0,0.0,0.0,0.0,0.0,58.071571856041615,0.0,0.0,0.0,0.0,0.0,0.0,0.0,0.0,0.0,0.0,0.0,0.0,0.0,0.0,0.0,47.92730120979411,0.0,0.0,1.3397394167982477,0.0,1.1015712599283196,0.0,0.0,2.5206583331916814,0.0,1.1015712599283196,0.0,3.304713779784959,0.0,0.0,0.0,53.51694079630765,0.0,0.0,0.0,3.887444744336824,0.0,0.0,0.0,0.0,0.0,0.0,0.0,0.0,0.0,0.0,0.0,57.07297189848578,0.0,0.0,0.0,0.0,0.0,0.0,0.0,0.0,0.0,0.0,0.0,0.0,0.0,0.0,0.0,52.33891996485461,0.0,3.874577588554948,0.0,0.0,0.0,0.0,0.0,0.0,0.0,0.0,0.0,0.0,0.0,0.0,1.315525972489609,46.41206296004065,0.0,0.0,0.0,2.4235102465274707,0.0,3.833397789352271,2.190513022487012,0.0,0.0,0.0,4.80928530279653,0.44099694062270695,0.0,1.7356098137212,0.8819938812454139,31.72270546918999,8.093683125097893,1.3229908218681212,0.0,0.44099694062270695,2.565523751803397,1.503260346213052,11.268523077826432,0.0,0.0,0.0,0.0,0.0,0.0,0.0,4.02428054271645,52.734811420325826,2.701540452354352,0.0,0.0,0.0,0.0,0.0,0.0,0.0,0.0,0.0,0.0,0.4369885494103195,0.0,3.333178089198336,0.6790450733847957,51.1536464476324,0.8380013551710713,0.0,0.0,0.0,0.0,0.0,4.222147137628862,0.0,0.0,0.0,0.0,0.0,0.0,0.0,0.0,49.16890830283721,0.0,0.0,0.0,0.0,0.0,0.0,0.0,0.0,0.0,0.0,0.0,0.0,0.0,0.0,0.0,55.651016010102566,0.0,0.0,0.0,0.0,0.0,4.878906244054237,0.0,0.9447155766073684,0.0,7.744118646079821,0.4723577883036842,0.9447155766073684,0.0,0.0,0.0,41.57870908285943,10.423426175015841,0.9447155766073684,0.0,0.0,0.0,0.0,0.8930321987764378,0.0,5.250693978447741,0.0,0.0,0.0,0.0,0.0,9.331079487758137,45.86818834825618,0.0,0.4599942141933322,0.0,9.728556227343187,0.0,0.4599942141933322,0.0,0.0,13.038457430654569,0.0,1.3799826425799968,0.0,0.4599942141933322,0.0,1.3799826425799968,38.763348968859205
5,0.2,0.5,1.3,0.95,1.6,106.23823804391915,101.42141757495398,108.61962304100416,97.31196125905538,99.02796656707491,97.65255206037673,98.92552594933366,103.17051886432688,99.7486172059593,93.8239589847844,98.0189747548994,96.28241039106604,102.43345943974586,100.02804083024319,87.40601495349335,0.9333333333333333,0.0,0.0,0.0,0.0,0.0,0.0,0.0,0.0,0.0,0.06666666666666667,0.0,0.0,0.0,0.0,0.0,0.9666666666666667,0.0,0.0,0.0,0.0,0.0,0.0,0.0,0.0,0.03333333333333333,0.0,0.0,0.0,0.0,0.0,0.0,0.9,0.0,0.0,0.03333333333333333,0.0,0.03333333333333333,0.0,0.0,0.0,0.0,0.0,0.0,0.03333333333333333,0.03333333333333333,0.0,0.0,0.9666666666666667,0.0,0.0,0.0,0.0,0.0,0.0,0.0,0.0,0.0,0.0,0.0,0.0,0.0,0.0,0.0,1.0,0.0,0.0,0.0,0.0,0.0,0.0,0.0,0.0,0.0,0.0,0.0,0.0,0.0,0.0,0.0,0.9666666666666667,0.0,0.0,0.0,0.03333333333333333,0.0,0.0,0.0,0.0,0.0,0.03333333333333333,0.0,0.0,0.0,0.0,0.0,0.8666666666666667,0.0,0.0,0.0,0.0,0.0,0.03333333333333333,0.06666666666666667,0.0,0.0,0.0,0.0,0.0,0.0,0.0,0.0,1.0,0.0,0.0,0.0,0.0,0.0,0.0,0.0,0.0,0.0,0.06666666666666667,0.0,0.0,0.0,0.0,0.03333333333333333,0.8666666666666667,0.0,0.0,0.0,0.0,0.0,0.03333333333333333,0.2,0.0,0.0,0.0,0.0,0.0,0.0,0.0,0.0,0.8,0.0,0.0,0.0,0.0,0.0,0.03333333333333333,0.0,0.0,0.0,0.0,0.0,0.0,0.0,0.0,0.0,0.9666666666666667,0.0,0.0,0.0,0.0,0.0,0.0,0.0,0.0,0.0,0.0,0.0,0.0,0.0,0.0,0.0,1.0,0.0,0.0,0.0,0.0,0.0,0.0,0.0,0.0,0.0,0.0,0.0,0.0,0.0,0.0,0.0,0.9333333333333333,0.06666666666666667,0.0,0.0,0.0,0.0,0.0,0.0,0.0,0.0,0.0,0.0,0.0,0.0,0.0,0.23333333333333334,0.7666666666666667,0.0,0.4,0.0,0.0,0.0,0.0,0.0,0.0,0.0,0.0,0.0,0.0,0.0,0.0,0.0,0.6,55.57884270702253,0.0,0.0,3.3894755680829345,0.0,0.0,0.0,0.0,0.0,0.0,1.5774149923435228,0.0,0.0,0.0,0.0,0.0,65.19215182190354,0.0,0.0,0.0,0.0,0.0,0.0,0.0,0.0,0.8948655646118109,0.0,0.0,0.0,0.0,0.0,0.0,59.10766589931603,0.0,0.0,2.0740001155786314,0.0,1.8705360309531236,0.0,0.0,2.135159518042894,0.0,0.9319009397585605,0.0,3.734337910470245,0.8595477319477569,0.0,0.0,60.79462395935077,0.0,0.0,0.0,3.0928653882685015,0.0,0.0,0.0,0.0,0.0,0.0,0.0,0.0,0.0,0.0,0.0,64.4845908171486,0.0,0.0,0.0,0.0,0.0,0.0,0.0,0.0,0.0,0.0,0.0,0.0,0.0,0.0,0.0,59.94555405650526,0.0,3.1034335004593525,0.0,0.850432125549708,0.0,0.0,0.0,0.0,0.0,0.8774902020370515,0.0,0.0,0.0,0.0,1.0974797730107617,55.38062791770949,0.0,0.0,0.0,2.0228916254696276,0.0,4.069840614971478,3.5791806400366326,0.0,0.0,0.0,3.9230485063127314,0.35986173162166923,0.0,1.4163753665983043,0.7197234632433385,45.344452436414805,6.601077184778473,1.0795851948650075,0.0,0.35986173162166923,2.09472558530459,1.2272936584631295,9.19505622329263,0.0,0.0,1.7924790900538756,0.0,0.0,0.0,0.0,4.108762896543606,59.124992631624295,2.156613587603922,0.0,0.0,0.0,0.0,0.8962395450269378,5.070944338950614,0.0,0.0,0.0,0.0,0.3511427486837725,0.0,2.6781559248724527,0.5456657929831031,55.928062956823375,0.6734237937720622,0.0,0.0,0.0,0.0,0.8312293447269712,3.4612657530504394,0.0,0.0,0.0,0.0,0.0,0.0,0.0,0.0,57.94721926065949,0.0,0.0,0.0,0.0,0.0,0.0,0.0,0.0,0.0,0.0,0.0,0.0,0.0,0.0,0.0,62.80746028613024,0.0,0.0,0.0,0.0,0.0,3.674797409080265,0.0,0.7088815965734405,0.0,5.8275200840432,0.35444079828672026,0.7088815965734405,0.0,0.0,0.0,48.845486707491006,9.559993807669336,0.7088815965734405,0.0,0.0,0.0,0.0,0.7194057800387504,0.0,4.22965448433763,0.0,0.0,0.0,0.0,0.0,13.72350559222022,51.85230760413172,0.0,10.252183719234234,0.0,7.3536321362412425,0.0,0.3470883733141235,0.0,0.0,9.849871888528318,0.0,1.0412651199423706,0.0,0.3470883733141235,0.0,1.0412651199423706,40.10349967813009
6,0.2,0.5,1.3,0.95,1.6,96.41571627435776,100.06459525294937,104.31209933670472,117.56019848177768,97.78346720060533,89.21727120141648,91.27597287507075,109.35254832999793,97.15633798103262,101.33649678967828,91.50642970991008,95.07914843487839,103.87058119388823,109.2393367812573,101.66992932268151,0.4,0.0,0.13333333333333333,0.0,0.0,0.0,0.0,0.13333333333333333,0.0,0.0,0.0,0.0,0.0,0.0,0.3333333333333333,0.0,1.0,0.0,0.0,0.0,0.0,0.0,0.0,0.0,0.0,0.0,0.0,0.0,0.0,0.0,0.0,0.0,0.6666666666666666,0.0,0.0,0.0,0.0,0.1,0.06666666666666667,0.0,0.0,0.0,0.0,0.0,0.16666666666666666,0.0,0.0,0.0,0.6333333333333333,0.0,0.0,0.0,0.0,0.0,0.36666666666666664,0.0,0.0,0.0,0.0,0.0,0.0,0.0,0.0,0.0,1.0,0.0,0.0,0.0,0.0,0.0,0.0,0.0,0.0,0.0,0.0,0.0,0.0,0.0,0.4,0.0,0.6,0.0,0.0,0.0,0.0,0.0,0.0,0.0,0.0,0.0,0.0,0.0,0.0,0.03333333333333333,0.0,0.0,0.6666666666666666,0.0,0.0,0.0,0.0,0.0,0.16666666666666666,0.13333333333333333,0.0,0.0,0.0,0.0,0.0,0.0,0.0,0.0,0.4666666666666667,0.13333333333333333,0.0,0.0,0.0,0.0,0.0,0.4,0.0,0.0,0.0,0.3333333333333333,0.0,0.0,0.0,0.0,0.6666666666666666,0.0,0.0,0.0,0.0,0.0,0.0,0.0,0.0,0.0,0.0,0.0,0.0,0.0,0.0,0.0,1.0,0.0,0.0,0.0,0.0,0.0,0.0,0.0,0.0,0.3333333333333333,0.0,0.0,0.0,0.0,0.0,0.0,0.6666666666666666,0.0,0.0,0.0,0.0,0.0,0.0,0.0,0.0,0.0,0.0,0.0,0.0,0.0,0.0,0.0,1.0,0.0,0.0,0.0,0.0,0.0,0.0,0.0,0.0,0.0,0.0,0.0,0.0,0.0,0.0,0.0,0.5666666666666667,0.43333333333333335,0.0,0.0,0.0,0.0,0.0,0.0,0.0,0.0,0.0,0.0,0.0,0.0,0.0,0.23333333333333334,0.7666666666666667,0.0,0.0,0.0,0.0,0.0,0.0,0.0,0.0,0.5,0.0,0.0,0.0,0.0,0.0,0.0,0.5,56.28658211277525,0.0,3.682925585522531,2.933218157193182,0.0,0.0,0.0,3.682925585522531,0.0,0.0,1.370044038425867,0.0,0.0,0.0,9.207313963806326,0.0,71.0465060465336,0.0,0.0,0.0,0.0,0.0,0.0,0.0,0.0,0.7107304212833387,0.0,0.0,0.0,0.0,0.0,0.0,61.19900573007814,0.0,0.0,1.664615971788682,0.0,4.325335106090241,1.882740132710739,0.0,1.7138144512651186,0.0,0.7479484417181269,0.0,7.703972122237235,0.6823089579395685,0.0,0.0,59.97003869792835,0.0,0.0,0.0,2.4551730154399287,0.0,9.277073640029945,0.0,0.0,0.0,0.0,0.0,0.0,0.0,0.0,0.0,70.15537271687691,0.0,0.0,0.0,0.0,0.0,0.0,0.0,0.0,0.0,0.0,0.0,0.0,0.0,10.155865414279182,0.0,59.05372243411061,0.0,2.4809591769541717,0.0,0.6798474262105754,0.0,0.0,0.0,0.0,0.0,0.695098568384427,0.0,0.0,0.8573545582275583,0.0,0.8691136092029894,56.39331860770956,0.0,0.0,0.0,1.6017608317960847,0.0,7.511020030142967,6.264843181462372,0.0,0.0,0.0,3.1552912796688997,0.28946368420829954,0.0,1.1393152100728827,0.5789273684165991,45.62044106710872,8.885548790126553,0.8683910526248986,0.0,0.28946368420829954,1.6852087694993352,0.9873362268538174,18.12594611436634,0.0,0.0,1.410922691384925,8.644880157849807,0.0,0.0,0.0,3.234113615104797,59.167827206196506,1.6976050520203172,0.0,0.0,0.0,0.0,0.7054613456924625,3.986520936971664,0.0,0.0,0.0,0.0,0.2761039762413102,0.0,2.1065282399835827,0.4290015473133919,61.79838857233274,0.5293699901426077,0.0,0.0,0.0,0.0,0.6734408783528565,2.8036892064157644,0.0,8.494977812091284,0.0,0.0,0.0,0.0,0.0,0.0,59.36630997699705,0.0,0.0,0.0,0.0,0.0,0.0,0.0,0.0,0.0,0.0,0.0,0.0,0.0,0.0,0.0,68.30835440185015,0.0,0.0,0.0,0.0,0.0,2.987143703675952,0.0,0.5768203046854241,0.0,4.73821305378199,0.28841015234271206,0.5768203046854241,0.0,0.0,0.0,50.769408607822484,19.3163064935994,0.5768203046854241,0.0,0.0,0.0,0.0,0.5699438302230596,0.0,3.351113845162594,0.0,0.0,0.0,0.0,0.0,16.94259534470531,55.6556598328819,0.0,7.8773648199339865,0.0,5.662410346374262,0.0,0.26693034881993133,0.0,0.0,18.944262371451227,0.0,0.800791046459794,0.0,0.26693034881993133,0.0,0.800791046459794,39.13601547189371
7,0.2,0.5,1.3,0.95,1.6,89.6666124295053,93.23767315096546,103.16948784746174,111.17390474480597,95.58300129397772,89.5619961615694,87.18958201711389,108.24528201990931,110.3589213806003,112.37560861566428,83.08264132827814,93.53107769369291,116.36391133355217,108.21813721487742,109.71825428051153,0.7333333333333333,0.0,0.0,0.0,0.0,0.0,0.0,0.0,0.0,0.0,0.0,0.0,0.0,0.0,0.26666666666666666,0.0,0.7333333333333333,0.0,0.0,0.0,0.0,0.0,0.0,0.26666666666666666,0.0,0.0,0.0,0.0,0.0,0.0,0.0,0.0,1.0,0.0,0.0,0.0,0.0,0.0,0.0,0.0,0.0,0.0,0.0,0.0,0.0,0.0,0.0,0.0,0.6,0.0,0.2,0.0,0.0,0.2,0.0,0.0,0.0,0.0,0.0,0.0,0.0,0.0,0.0,0.0,0.9666666666666667,0.0,0.0,0.0,0.0,0.0,0.03333333333333333,0.0,0.0,0.0,0.0,0.0,0.0,0.0,0.0,0.0,0.3333333333333333,0.26666666666666666,0.0,0.0,0.0,0.0,0.0,0.2,0.2,0.0,0.0,0.0,0.0,0.0,0.0,0.0,0.5666666666666667,0.0,0.0,0.43333333333333335,0.0,0.0,0.0,0.0,0.0,0.03333333333333333,0.0,0.03333333333333333,0.0,0.0,0.0,0.0,0.8666666666666667,0.03333333333333333,0.0,0.0,0.0,0.0,0.0,0.03333333333333333,0.0,0.0,0.0,0.0,0.0,0.0,0.0,0.0,1.0,0.0,0.0,0.0,0.0,0.0,0.0,0.0,0.0,0.0,0.0,0.0,0.0,0.0,0.0,0.03333333333333333,0.9666666666666667,0.0,0.0,0.0,0.0,0.0,0.0,0.0,0.0,0.0,0.0,0.36666666666666664,0.0,0.0,0.0,0.0,0.6333333333333333,0.0,0.0,0.0,0.0,0.0,0.0,0.0,0.0,0.0,0.0,0.0,0.0,0.0,0.0,0.0,1.0,0.0,0.0,0.0,0.0,0.0,0.0,0.0,0.0,0.0,0.0,0.0,0.0,0.0,0.0,0.0,1.0,0.0,0.0,0.0,0.0,0.0,0.0,0.0,0.0,0.0,0.0,0.0,0.0,0.0,0.0,0.3,0.7,0.0,0.0,0.0,0.0,0.0,0.0,0.0,0.0,0.03333333333333333,0.0,0.0,0.0,0.0,0.0,0.0,0.9666666666666667,56.04368165574775,0.0,2.796168152324293,2.223011996509696,0.0,0.0,0.0,2.796168152324293,0.0,0.0,1.0357630049316053,0.0,0.0,0.0,13.67524337583287,0.0,70.10841378802911,0.0,0.0,0.0,0.0,0.0,0.0,6.937811937537823,0.0,0.5618998187009236,0.0,0.0,0.0,0.0,0.0,0.0,67.52600872744891,0.0,0.0,1.2973484204831491,0.0,3.373722966846099,1.4687713371012316,0.0,1.3349889491493399,0.0,0.5829637558392556,0.0,6.008421815625843,0.5987748740136336,0.0,0.0,66.02303767216357,0.0,6.11313032105244,0.0,2.1540234272422496,6.11313032105244,8.146960157521193,0.0,0.0,0.0,0.0,0.0,0.0,0.0,0.0,0.0,73.44616805131045,0.0,0.0,0.0,0.0,0.0,0.8474567157385796,0.0,0.0,0.0,0.0,0.0,0.0,0.0,7.735012882936241,0.0,50.6294322553494,6.18573080329821,1.8912502027979337,0.0,0.5178113880873951,0.0,0.0,4.639298102473657,4.639298102473657,0.0,0.5321389157132359,0.0,0.0,0.656059660179877,0.0,0.664486594202699,52.972043431179145,0.0,0.0,10.283759610591305,1.2239255686097819,0.0,5.7498685174413655,4.795620072619548,0.0,0.9477220855266488,0.0,3.5336449821761615,0.2373337983392085,0.0,0.9342023834352466,0.474667596678417,55.40328841605987,8.228940076146731,0.7120013950176255,0.0,0.2373337983392085,1.3826800897574079,0.8100069440483081,15.805164563648418,0.0,0.0,1.1086623416105306,6.790853530024423,0.0,0.0,0.0,2.541240697748345,64.94348099240898,1.3339816448544568,0.0,0.0,0.0,0.0,0.5543311708052653,3.296973443968877,0.0,0.0,0.0,0.0,0.2282632213683523,0.0,1.7404498941287252,1.233005378444249,69.72365286701073,0.43787036388148953,0.0,0.0,0.0,0.0,0.5179700387573646,2.1577393629363466,0.0,6.537075204652931,0.0,8.723612965678093,0.0,0.0,0.0,0.0,56.66921690726642,0.0,0.0,0.0,0.0,0.0,0.0,0.0,0.0,0.0,0.0,0.0,0.0,0.0,0.0,0.0,72.0935833778265,0.0,0.0,0.0,0.0,0.0,2.3936352405348202,0.0,0.46226133790882723,0.0,3.796884964459438,0.23113066895441362,0.46226133790882723,0.0,0.0,0.0,60.42115350246152,15.47947406474823,0.46226133790882723,0.0,0.0,0.0,0.0,0.47441138723124054,0.0,2.788735221498674,0.0,0.0,0.0,0.0,0.0,22.616427365578936,60.836296478406105,0.0,6.757831415777793,0.0,4.839848403367008,0.0,0.22864051752718823,0.0,0.0,17.14248759380736,0.0,0.6859215525815647,0.0,0.22864051752718823,0.0,0.6859215525815647,52.241312016690294
8,0.2,0.5,1.3,0.95,1.6,95.79554824173191,89.05871487871941,94.76066217625777,121.16154268663409,93.29050943649924,95.01593371212321,82.14596042304407,116.00209698096519,109.83797905420673,112.46797081248809,74.26298640965831,92.86296138109725,130.74652823779223,105.9310791375056,106.38450068966463,0.9333333333333333,0.0,0.0,0.0,0.0,0.0,0.0,0.0,0.0,0.0,0.06666666666666667,0.0,0.0,0.0,0.0,0.0,0.9333333333333333,0.0,0.0,0.0,0.0,0.0,0.0,0.0,0.0,0.06666666666666667,0.0,0.0,0.0,0.0,0.0,0.0,0.6333333333333333,0.0,0.0,0.0,0.0,0.0,0.0,0.0,0.0,0.0,0.0,0.0,0.36666666666666664,0.0,0.0,0.0,0.9333333333333333,0.0,0.06666666666666667,0.0,0.0,0.0,0.0,0.0,0.0,0.0,0.0,0.0,0.0,0.0,0.0,0.0,0.9666666666666667,0.0,0.0,0.0,0.0,0.0,0.0,0.03333333333333333,0.0,0.0,0.0,0.0,0.0,0.0,0.0,0.0,0.9333333333333333,0.0,0.0,0.0,0.0,0.06666666666666667,0.0,0.0,0.0,0.0,0.0,0.0,0.0,0.2,0.0,0.26666666666666666,0.3333333333333333,0.0,0.2,0.0,0.0,0.0,0.0,0.0,0.0,0.0,0.0,0.0,0.0,0.0,0.0,0.0,1.0,0.0,0.0,0.0,0.0,0.0,0.0,0.0,0.0,0.0,0.0,0.3333333333333333,0.0,0.0,0.0,0.0,0.6666666666666666,0.0,0.0,0.0,0.0,0.0,0.0,0.0,0.0,0.0,0.0,0.0,0.0,0.06666666666666667,0.0,0.0,0.9333333333333333,0.0,0.0,0.0,0.0,0.0,0.0,0.0,0.0,0.0,0.0,0.0,0.26666666666666666,0.0,0.0,0.0,0.3333333333333333,0.0,0.2,0.2,0.0,0.0,0.0,0.0,0.0,0.0,0.0,0.0,0.0,0.0,0.0,0.0,1.0,0.0,0.0,0.0,0.0,0.0,0.0,0.0,0.0,0.0,0.0,0.0,0.0,0.0,0.0,0.0,0.9666666666666667,0.03333333333333333,0.0,0.0,0.0,0.0,0.0,0.0,0.0,0.0,0.0,0.0,0.0,0.0,0.0,0.3333333333333333,0.6666666666666666,0.0,0.3333333333333333,0.0,0.0,0.0,0.0,0.0,0.0,0.3,0.0,0.0,0.0,0.0,0.0,0.0,0.36666666666666664,59.08823594674552,0.0,2.159176320451951,1.7144297620066944,0.0,0.0,0.0,2.159176320451951,0.0,0.0,2.3516231384651873,0.0,0.0,0.0,10.549351490880296,0.0,70.63419172772662,0.0,0.0,0.0,0.0,0.0,0.0,5.351274395323033,0.0,2.0498344883211903,0.0,0.0,0.0,0.0,0.0,0.0,66.03887711950307,0.0,0.0,1.0301849418567157,0.0,2.6795906074848572,1.1666340998443652,0.0,1.0599124427401565,0.0,0.46292223001526367,0.0,14.607560342151102,0.4640382016757559,0.0,0.0,70.90829830435797,0.0,6.676061200141818,0.0,1.6694699590633548,4.7490468512318476,6.312264621257126,0.0,0.0,0.0,0.0,0.0,0.0,0.0,0.0,0.0,75.55487354823205,0.0,0.0,0.0,0.0,0.0,0.6691015429896008,0.8283860112144735,0.0,0.0,0.0,0.0,0.0,0.0,6.18836492008863,0.0,56.38820615856213,4.948883273756151,1.5130852641405037,0.0,0.41427283139703336,1.552407933467203,0.0,3.711662455317113,3.711662455317113,0.0,0.4159929485619249,0.0,0.0,5.046599237548895,0.0,6.5642289271268055,46.90995428070275,0.0,4.533858264889923,8.028196013756132,0.9558057541399931,0.0,4.494777607136834,3.7487096707769085,0.0,0.7529399192278212,0.0,2.807037143526878,0.18849931925216734,0.0,0.7419625112909621,0.3769986385043347,64.57606539724644,6.536908021969019,0.565497957756502,0.0,0.18849931925216734,1.097952952173165,0.6432261357126661,12.55424034991507,0.0,0.0,0.9432853146736427,15.348156135770356,0.0,0.0,0.0,2.16226150595636,69.29312666404215,1.1348439113096072,0.0,0.0,0.0,0.0,0.47164265733682137,2.7779499612586185,0.0,0.0,0.0,0.0,0.19222432011339663,1.9478438826715143,1.464302758893029,1.0382722879522177,78.66619624873569,0.3690213263624127,0.0,0.0,0.0,0.0,0.39513664369510776,1.6473071509927817,0.0,4.989979007609381,0.0,6.645849653031378,5.760396465427285,0.0,0.0,0.0,48.47806378317256,0.0,4.320297349070464,4.320297349070464,0.0,0.0,0.0,0.0,0.0,0.0,0.0,0.0,0.0,0.0,0.0,0.0,74.87903230787194,0.0,0.0,0.0,0.0,0.0,2.0212224444006637,0.0,0.3916424689541604,0.0,3.208751871189118,0.1958212344770802,0.3916424689541604,0.0,0.0,0.0,72.52980875998728,14.108792649594267,0.3916424689541604,0.0,0.0,0.0,0.0,0.3769496765543398,0.0,2.215916010792912,0.0,0.0,0.0,0.0,0.0,27.351890884092114,62.05169164875818,0.0,15.124038620567147,0.0,4.013847833701544,0.0,0.18982774275866418,0.0,0.0,22.805107933251605,0.0,0.5694832282759926,0.0,0.18982774275866418,0.0,0.5694832282759926,51.03284738042718
9,0.2,0.5,1.3,0.95,1.6,96.16647071146505,109.13741974052579,83.69762791017811,135.49957168456535,90.91306430364915,94.17394979330078,82.39072117523077,114.25161214514287,98.10451125507893,109.80510759593258,74.4397668714397,91.55873142580063,130.84531656240054,100.94219047152126,106.80954759772104,0.9,0.0,0.0,0.0,0.0,0.0,0.0,0.0,0.0,0.0,0.0,0.0,0.0,0.0,0.1,0.0,1.0,0.0,0.0,0.0,0.0,0.0,0.0,0.0,0.0,0.0,0.0,0.0,0.0,0.0,0.0,0.5,0.5,0.0,0.0,0.0,0.0,0.0,0.0,0.0,0.0,0.0,0.0,0.0,0.0,0.0,0.0,0.0,1.0,0.0,0.0,0.0,0.0,0.0,0.0,0.0,0.0,0.0,0.0,0.0,0.0,0.03333333333333333,0.0,0.0,0.9666666666666667,0.0,0.0,0.0,0.0,0.0,0.0,0.0,0.0,0.0,0.0,0.0,0.0,0.0,0.0,0.0,0.9,0.0,0.0,0.0,0.0,0.1,0.0,0.0,0.0,0.0,0.0,0.0,0.0,0.0,0.0,0.0,0.9333333333333333,0.0,0.0,0.0,0.06666666666666667,0.0,0.0,0.0,0.0,0.03333333333333333,0.03333333333333333,0.03333333333333333,0.0,0.0,0.0,0.0,0.8666666666666667,0.0,0.0,0.0,0.0,0.0,0.0,0.03333333333333333,0.0,0.0,0.0,0.4666666666666667,0.0,0.03333333333333333,0.0,0.0,0.5,0.0,0.0,0.0,0.0,0.0,0.0,0.0,0.0,0.0,0.0,0.0,0.0,0.06666666666666667,0.0,0.0,0.9333333333333333,0.0,0.0,0.0,0.0,0.0,0.0,0.0,0.0,0.0,0.0,0.0,0.06666666666666667,0.0,0.0,0.0,0.9333333333333333,0.0,0.0,0.0,0.0,0.0,0.0,0.0,0.0,0.0,0.0,0.0,0.0,0.0,0.0,0.0,1.0,0.0,0.0,0.0,0.0,0.0,0.0,0.0,0.0,0.0,0.0,0.0,0.0,0.0,0.0,0.0,0.9333333333333333,0.06666666666666667,0.0,0.0,0.3,0.0,0.0,0.0,0.0,0.0,0.0,0.0,0.0,0.0,0.0,0.0,0.7,0.0,0.03333333333333333,0.0,0.0,0.0,0.0,0.0,0.0,0.03333333333333333,0.0,0.0,0.0,0.0,0.0,0.0,0.9333333333333333,65.08930167551294,0.0,1.7764151110590587,1.4119221861027795,0.0,0.0,0.0,1.7764151110590587,0.0,0.0,1.9398834209548772,0.0,0.0,0.0,11.176830888164686,0.0,72.06881527789025,0.0,0.0,0.0,0.0,0.0,0.0,4.177963042861794,0.0,1.5993559047832877,0.0,0.0,0.0,0.0,0.0,12.31888608291351,59.556820004485786,0.0,0.0,0.788321733794656,0.0,2.0533931886851366,0.8942719095047329,0.0,0.8103113417027452,0.0,0.3542785354819761,0.0,11.18434470054492,0.387611821896823,0.0,0.0,82.18591166854112,0.0,5.560208975434486,0.0,1.3943458638142179,3.953909580957385,5.274294282953304,0.0,0.0,0.0,0.0,0.0,0.0,0.8085177484496602,0.0,0.0,76.711777518337,0.0,0.0,0.0,0.0,0.0,0.5275480021623529,0.653006089374766,0.0,0.0,0.0,0.0,0.0,0.0,5.080308064511633,0.0,62.56132866468532,4.06826034026961,1.241574110062481,0.0,0.3400885855036682,3.746578827928788,0.0,3.0511952552022077,3.0511952552022077,0.0,0.3231560902701154,0.0,0.0,3.9110905939948704,0.0,5.086739139510884,50.97456423439003,0.0,3.5129050140114133,6.2253800220144475,2.165365104536159,0.0,3.4915692879942997,2.911903242078001,0.0,1.62739575659123,1.005351507168365,3.3257195092161327,0.15594165662735757,0.0,0.6138700629386159,0.31188331325471513,72.48161394866504,5.403389675214166,0.46782496988207267,0.0,0.15594165662735757,0.9091584335231006,0.5325500450752291,11.38670722587685,0.0,0.0,0.7507054191234714,25.542370871028155,0.0,0.9519291518031251,0.0,1.7208109530974,65.57865432486221,0.9031654978509736,0.0,0.0,0.0,0.0,0.3753527095617357,2.2169019965744634,0.0,0.0,0.0,0.0,0.15340565048034582,3.5041277714662336,1.1686448951301436,0.8286010774875303,82.72546055322796,0.2944889863723174,0.0,0.0,0.0,0.0,0.29991634677815276,1.251452151378539,0.0,3.7902538437594178,0.0,5.0363736146533435,5.639764797758952,0.0,0.0,0.0,49.93446248299916,0.0,3.2644047749936558,3.2644047749936558,0.0,0.0,0.0,0.0,0.0,0.0,0.0,0.0,0.0,0.0,0.0,0.0,77.17897058496511,0.0,0.0,0.0,0.0,0.0,1.7130493374166904,0.0,0.33304383017967715,0.0,2.7217468652593833,0.16652191508983857,0.33304383017967715,0.0,0.0,0.0,84.76302195927815,14.24837982878629,0.33304383017967715,0.0,8.262624172725438,0.0,0.0,0.2974298602990816,0.0,1.7486010528318414,0.0,0.0,0.0,0.0,0.0,21.589915515927142,63.06486364088571,0.0,12.800414223841319,0.0,3.153145728876951,0.0,0.1490402948333825,0.0,0.0,18.826519359539528,0.0,0.4471208845001474,0.0,0.1490402948333825,0.0,0.4471208845001474,58.93149544339316
10,0.2,0.5,1.3,0.95,1.6,92.9002705813255,113.51437819028234,80.95305813695549,133.71169347275026,89.49782820061476,92.61405703224301,84.87586074498161,114.47887402362076,95.91119007159564,107.46608243488673,76.55749561106435,98.10389770645942,129.16529110232963,93.00996554185112,107.2757155765263,0.8666666666666667,0.0,0.0,0.0,0.0,0.0,0.0,0.06666666666666667,0.0,0.0,0.0,0.0,0.0,0.0,0.06666666666666667,0.0,1.0,0.0,0.0,0.0,0.0,0.0,0.0,0.0,0.0,0.0,0.0,0.0,0.0,0.0,0.0,0.0,1.0,0.0,0.0,0.0,0.0,0.0,0.0,0.0,0.0,0.0,0.0,0.0,0.0,0.0,0.0,0.0,0.8666666666666667,0.0,0.03333333333333333,0.03333333333333333,0.0,0.03333333333333333,0.0,0.03333333333333333,0.0,0.0,0.0,0.0,0.0,0.0,0.03333333333333333,0.0,0.9666666666666667,0.0,0.0,0.0,0.0,0.0,0.0,0.0,0.0,0.0,0.0,0.0,0.0,0.0,0.0,0.03333333333333333,0.9,0.03333333333333333,0.0,0.0,0.0,0.03333333333333333,0.0,0.0,0.0,0.0,0.0,0.0,0.0,0.0,0.0,0.0,0.9,0.0,0.0,0.0,0.1,0.0,0.0,0.0,0.0,0.0,0.0,0.0,0.0,0.0,0.0,0.0,0.9666666666666667,0.0,0.0,0.0,0.0,0.0,0.0,0.03333333333333333,0.0,0.0,0.0,0.0,0.0,0.0,0.0,0.0,1.0,0.0,0.0,0.0,0.0,0.0,0.0,0.0,0.0,0.0,0.0,0.0,0.0,0.03333333333333333,0.0,0.0,0.9666666666666667,0.0,0.0,0.0,0.0,0.0,0.0,0.0,0.0,0.0,0.0,0.0,0.1,0.0,0.0,0.0,0.9,0.0,0.0,0.0,0.0,0.0,0.0,0.0,0.0,0.0,0.0,0.0,0.0,0.0,0.0,0.0,1.0,0.0,0.0,0.0,0.0,0.0,0.0,0.0,0.0,0.0,0.0,0.0,0.0,0.0,0.0,0.0,1.0,0.0,0.0,0.0,0.0,0.0,0.0,0.0,0.0,0.0,0.0,0.0,0.0,0.0,0.3,0.0,0.7,0.0,0.0,0.0,0.0,0.0,0.0,0.0,0.0,0.03333333333333333,0.0,0.0,0.0,0.0,0.0,0.0,0.9666666666666667,68.02493199757566,0.0,1.4241503271570082,1.1320211703883887,0.0,0.0,0.0,3.0910358194890692,0.0,0.0,1.5555099283358516,0.0,0.0,0.0,10.628030171223443,0.0,84.5980953336875,0.0,0.0,0.0,0.0,0.0,0.0,3.6967483750390127,0.0,1.4187913325531825,0.0,0.0,0.0,0.0,0.0,9.282666331278742,60.8950213195941,0.0,0.0,0.5954903002502746,0.0,1.5540962174877724,0.6771003322819923,0.0,0.6113225703266261,0.0,0.2676590388580405,0.0,8.455002559222875,0.33024281623627205,0.0,0.0,92.15750037227767,0.0,5.8923686507403,1.174329621266233,1.1877794789380423,4.527745591613289,4.49560941585527,1.174329621266233,0.0,0.0,0.0,0.0,0.0,0.6387777002190922,0.7879132239649594,0.0,77.3257816675016,0.0,0.0,0.0,0.0,0.0,0.4169420345506275,0.5160105695784017,0.0,0.0,0.0,0.0,0.0,0.0,4.0479435627641385,0.8161742315419401,65.94809675508657,4.057053340525999,0.9893468427713596,0.0,0.27098033074218136,3.8010122660987498,0.0,2.4306593317380436,2.4306593317380436,0.0,0.2589417798775903,0.0,0.0,3.134330828574673,0.0,4.076513062301511,54.938106340060116,0.0,2.81526298780794,4.988832988694103,3.877521024952161,0.0,2.797764932256888,2.333288607705331,0.0,1.292421638620764,0.7984708755850141,2.6407809673709943,0.12379116604014173,0.0,0.4872976994069251,0.24758233208028346,78.53744936553271,4.290180118736376,0.3713734981204251,0.0,0.12379116604014173,0.721564481906478,0.42267782397331,10.03049961929636,0.0,0.0,0.5679598809735976,19.342564523311268,0.0,0.7210888516171154,0.0,1.3018601813004707,68.24523301162873,0.6833885014351267,0.0,0.0,0.0,0.0,0.2839799404867988,1.7518012490342383,0.0,0.0,0.0,0.0,0.12123693719722972,3.7226846786007166,0.9237838352543805,0.6548550657341243,85.55993091399614,0.23269376947978437,0.0,0.0,0.0,0.0,0.2402477816769144,1.0024520551867255,0.0,3.0361236093939956,0.0,4.034546535643083,6.45377861222199,0.0,0.0,0.0,52.73195482350113,0.0,2.6152520243229618,2.6152520243229618,0.0,0.0,0.0,0.0,0.0,0.0,0.0,0.0,0.0,0.0,0.0,0.0,78.73367069204771,0.0,0.0,0.0,0.0,0.0,1.371468286641829,0.0,0.2666463487541637,0.0,2.179054641478522,0.13332317437708185,0.2666463487541637,0.0,0.0,0.0,92.7221348456956,11.407423225107479,0.2666463487541637,0.0,6.456497654325265,0.0,0.0,0.23229153080255638,0.0,1.3658529387477425,0.0,0.0,0.0,0.0,7.873490856778659,16.872838207551627,62.70469774296049,0.0,10.264265078304039,0.0,2.5283458912529753,0.0,0.11951618201449543,0.0,0.0,16.022780868469873,0.0,0.3585485460434864,0.0,0.11951618201449543,0.0,0.3585485460434864,66.87413869754263
11,0.2,0.5,1.3,0.95,1.6,101.46247985013581,107.26399419189404,87.84744703379133,120.14757911526905,101.05919663172816,94.27847263497185,84.19675836218445,104.87677334540057,103.8747027255808,106.68658907493456,74.33083386036208,99.28667736706055,127.17334425389058,90.29676538850966,110.74055766994874,1.0,0.0,0.0,0.0,0.0,0.0,0.0,0.0,0.0,0.0,0.0,0.0,0.0,0.0,0.0,0.0,0.7,0.3,0.0,0.0,0.0,0.0,0.0,0.0,0.0,0.0,0.0,0.0,0.0,0.0,0.0,0.0,0.36666666666666664,0.0,0.6333333333333333,0.0,0.0,0.0,0.0,0.0,0.0,0.0,0.0,0.0,0.0,0.0,0.0,0.2,0.5333333333333333,0.0,0.0,0.0,0.0,0.26666666666666666,0.0,0.0,0.0,0.0,0.0,0.0,0.0,0.0,0.0,0.0,0.9666666666666667,0.0,0.03333333333333333,0.0,0.0,0.0,0.0,0.0,0.0,0.0,0.0,0.0,0.0,0.0,0.0,0.0,1.0,0.0,0.0,0.0,0.0,0.0,0.0,0.0,0.0,0.0,0.0,0.0,0.0,0.0,0.0,0.06666666666666667,0.8333333333333334,0.0,0.0,0.06666666666666667,0.03333333333333333,0.0,0.0,0.0,0.0,0.0,0.0,0.0,0.0,0.0,0.0,0.0,0.6,0.0,0.0,0.0,0.0,0.0,0.0,0.4,0.0,0.0,0.0,0.0,0.0,0.0,0.0,0.0,1.0,0.0,0.0,0.0,0.0,0.0,0.0,0.0,0.0,0.03333333333333333,0.0,0.0,0.0,0.0,0.0,0.0,0.9666666666666667,0.0,0.0,0.0,0.0,0.0,0.0,0.0,0.06666666666666667,0.0,0.0,0.06666666666666667,0.06666666666666667,0.0,0.0,0.0,0.8,0.0,0.0,0.0,0.0,0.0,0.0,0.0,0.0,0.0,0.0,0.0,0.0,0.0,0.0,0.0,1.0,0.0,0.0,0.0,0.0,0.0,0.0,0.0,0.0,0.0,0.0,0.0,0.0,0.0,0.0,0.0,1.0,0.0,0.0,0.0,0.0,0.0,0.0,0.0,0.0,0.0,0.0,0.0,0.0,0.0,0.0,0.0,1.0,0.0,0.36666666666666664,0.0,0.0,0.0,0.0,0.0,0.0,0.0,0.0,0.0,0.0,0.0,0.0,0.0,0.6333333333333333,71.29572841850872,0.0,1.1241013458293583,0.893094736550994,0.0,0.0,0.0,2.4386750657999077,0.0,0.0,1.2262395066925593,0.0,0.0,0.0,8.384256813912959,0.0,84.39883724391817,8.854121498842025,0.0,0.0,0.0,0.0,0.0,3.02822911846647,0.0,1.162876631491422,0.0,0.0,0.0,0.0,0.0,7.331299657061436,53.743100948569506,0.0,13.330270239885337,0.47056630225233365,0.0,1.2285960618369083,0.5353324667132101,0.0,0.48294064549508775,0.0,0.21151573073181718,0.0,6.682416719347909,0.2630563544701199,0.0,6.953008060583014,86.97713502235845,0.0,4.6951300577581225,0.9359363328855507,0.9461412246514702,12.878602468940038,3.5808942026598576,0.9359363328855507,0.0,0.0,0.0,0.0,0.0,0.508525640196211,0.6272119607906699,0.0,78.0020068642221,0.0,0.7756478444053281,0.0,0.0,0.0,0.3319704527765591,0.41082208032547163,0.0,0.0,0.0,0.0,0.0,0.0,3.221196902815425,0.649381530643633,70.06950066924736,3.227635583541482,0.7873598278957843,0.0,0.21563653010361025,3.024175259111831,0.0,1.933690539673387,1.933690539673387,0.0,0.2104794639797607,0.0,0.0,2.551010761366933,0.0,4.7892085218831335,58.148187259963755,0.0,2.2916129621525116,5.530291101043625,3.8930323415905153,0.0,2.274188218987192,1.8966757013516777,0.0,1.0379590546917787,0.6412377580033611,2.1210091077782263,0.09944047065532188,0.0,0.391447011341486,0.19888094131064377,76.1287066130134,3.4459233794715995,0.29832141196596557,0.0,0.09944047065532188,0.5796922842663981,0.33956637746086005,19.962522780877023,0.0,0.0,0.45069817448093197,15.351218870021626,0.0,0.572317807924203,0.0,1.0330704632245717,72.37299089758352,0.5423050367454371,0.0,0.0,0.0,0.0,0.22534908724046598,1.3899008440403264,0.0,0.931372714435685,0.0,0.0,0.09619918762113223,2.9550446383922573,0.733112524880895,0.5196198974581091,87.64087259785741,0.18461559864227173,0.0,0.0,0.0,0.0,0.19505978720328462,0.8136944718816358,1.3269965905917822,2.464547759500289,0.0,4.604168484944053,6.576033250811896,0.0,0.0,0.0,54.49911249967628,0.0,2.12610166106581,2.12610166106581,0.0,0.0,0.0,0.0,0.0,0.0,0.0,0.0,0.0,0.0,0.0,0.0,84.0223426257139,0.0,0.0,0.0,0.0,0.0,1.0929863332488277,0.0,0.2124569427953381,0.0,1.7364974854892694,0.10622847139766906,0.2124569427953381,0.0,0.0,0.0,98.43993229635763,9.090442199070383,0.2124569427953381,0.0,4.980464828833232,0.0,0.0,0.17903526132884562,0.0,1.0529604333842648,0.0,0.0,0.0,0.0,6.0680263975129565,13.018288930808339,66.03202071532888,0.0,18.4803613352418,0.0,2.032905706641306,0.0,0.0961112008528862,0.0,0.0,12.884948500699938,0.0,0.28833360255865853,0.0,0.0961112008528862,0.0,0.28833360255865853,66.68362073377504
12,0.2,0.5,1.3,0.95,1.6,109.68538058691418,109.64851603836101,85.09803543102169,113.94410691315599,110.97503113616347,88.73044479508054,85.97438029599161,111.61703677396471,105.08909254673335,103.7494666171671,75.53040590234477,98.56930015159222,124.98959723744997,88.49937294939603,103.63526805580888,1.0,0.0,0.0,0.0,0.0,0.0,0.0,0.0,0.0,0.0,0.0,0.0,0.0,0.0,0.0,0.0,1.0,0.0,0.0,0.0,0.0,0.0,0.0,0.0,0.0,0.0,0.0,0.0,0.0,0.0,0.0,0.23333333333333334,0.7666666666666667,0.0,0.0,0.0,0.0,0.0,0.0,0.0,0.0,0.0,0.0,0.0,0.0,0.0,0.0,0.0,0.5333333333333333,0.23333333333333334,0.0,0.0,0.0,0.23333333333333334,0.0,0.0,0.0,0.0,0.0,0.0,0.0,0.0,0.03333333333333333,0.0,0.9666666666666667,0.0,0.0,0.0,0.0,0.0,0.0,0.0,0.0,0.0,0.0,0.26666666666666666,0.0,0.0,0.0,0.0,0.7333333333333333,0.0,0.0,0.0,0.0,0.0,0.0,0.0,0.0,0.0,0.0,0.0,0.0,0.0,0.0,0.0,0.6666666666666666,0.0,0.0,0.0,0.3333333333333333,0.0,0.0,0.0,0.0,0.0,0.0,0.0,0.0,0.0,0.0,0.0,0.9333333333333333,0.0,0.0,0.0,0.0,0.0,0.0,0.06666666666666667,0.0,0.0,0.0,0.3333333333333333,0.0,0.0,0.0,0.0,0.6666666666666666,0.0,0.0,0.0,0.0,0.0,0.0,0.0,0.0,0.0,0.0,0.0,0.0,0.06666666666666667,0.0,0.0,0.9333333333333333,0.0,0.0,0.0,0.0,0.0,0.0,0.0,0.0,0.0,0.0,0.0,0.3333333333333333,0.0,0.0,0.0,0.6666666666666666,0.0,0.0,0.0,0.0,0.0,0.0,0.0,0.0,0.0,0.0,0.0,0.0,0.0,0.0,0.0,1.0,0.0,0.0,0.0,0.0,0.0,0.0,0.0,0.0,0.0,0.0,0.0,0.0,0.0,0.0,0.0,1.0,0.0,0.0,0.0,0.0,0.0,0.0,0.0,0.0,0.0,0.0,0.0,0.0,0.0,0.0,0.0,1.0,0.0,0.0,0.0,0.0,0.0,0.0,0.0,0.0,0.4,0.0,0.0,0.0,0.0,0.0,0.0,0.6,78.84975487273395,0.0,0.9366249032822443,0.7452024756815552,0.0,0.0,0.0,2.034745347594652,0.0,0.0,1.025572896666232,0.0,0.0,0.0,6.9973617170467595,0.0,85.8670750098781,6.880575987128637,0.0,0.0,0.0,0.0,0.0,2.348979825869312,0.0,0.9013676485952704,0.0,0.0,0.0,0.0,0.0,11.418591173752557,57.42540422130594,0.0,11.104997614191388,0.3902227015343179,0.0,1.017575324928989,0.4432690569271296,0.0,0.4008110749059404,0.0,0.1753848905035547,0.0,5.538761073985908,0.19799093354683728,0.0,5.274516073421288,77.93060643189715,7.28895313299299,3.5507250839059434,0.7101425286239866,0.7122321014398991,17.051782471698978,2.69404841041481,0.7101425286239866,0.0,0.0,0.0,0.0,0.0,0.43211611205913925,1.4092148545236247,0.0,84.79817112995195,0.0,0.659790654676525,0.0,0.0,0.0,0.281617634980662,0.3487843030247387,0.0,0.0,0.0,6.536640769358049,0.0,0.0,2.5964251994790373,0.5235420223426394,69.62582470749776,2.602539593354709,0.6345598086553867,0.0,0.17381146170376185,2.438214033865424,0.0,1.5592481782590524,1.5592481782590524,0.0,0.16759798762851197,0.0,0.0,2.0305233755769514,0.0,3.8118940384179094,56.94890364944031,0.0,1.82398380341407,4.402108461349754,10.395360801432307,0.0,1.810853272712259,1.5102442206338869,0.0,0.794448551320823,0.49101019644348076,1.6219257608749924,0.07591260570045032,0.0,0.29878875404666266,0.15182521140090063,76.83593335512833,2.633674205569508,0.227737817101351,0.0,0.07591260570045032,0.4419556443683176,0.258934125034384,17.08972910041854,0.0,0.0,0.374459200246994,21.748730488682263,0.0,0.4751017012946064,0.0,0.8583419122909288,73.3335290391289,0.45053273154798346,0.0,0.0,0.0,0.0,0.187229600123497,1.1063854791742214,0.0,0.7415439576578777,0.0,0.0,0.07658025559494264,4.202188596110833,0.5836531293816916,0.41365063050896494,88.69505270800182,0.14695410283061439,0.0,0.0,0.0,0.0,0.15389018839204455,0.6421089281117043,1.0449719124681063,1.944758662538593,0.0,3.6293598791884025,11.621351745773296,0.0,0.0,0.0,52.358417506844326,0.0,1.6753204163962974,1.6753204163962974,0.0,0.0,0.0,0.0,0.0,0.0,0.0,0.0,0.0,0.0,0.0,0.0,86.4134920426733,0.0,0.0,0.0,0.0,0.0,0.866161272731805,0.0,0.16827584001647444,0.0,1.3759452073111147,0.08413792000823722,0.16827584001647444,0.0,0.0,0.0,102.19278554803195,7.202622082812508,0.16827584001647444,0.0,3.925666944516008,0.0,0.0,0.14106793858548336,0.0,0.8297454356999133,0.0,0.0,0.0,0.0,4.781087742111185,10.262101613578542,69.18682889921229,0.0,15.006724131159741,0.0,1.6506896137801825,0.0,0.07807578448253456,0.0,0.0,21.983910200936613,0.0,0.2342273534476037,0.0,0.07807578448253456,0.0,0.2342273534476037,66.78196305061769
13,0.2,0.5,1.3,0.95,1.6,109.21534976108762,109.13122504299105,84.50339432775901,111.59710283961367,112.19173288072385,85.0210233881455,85.50698484561514,113.21490285352796,104.72094796793122,114.50339734367033,76.6611597891423,98.15372530822337,122.87581683607898,86.97357614647096,94.16055340619597,0.9333333333333333,0.0,0.0,0.0,0.0,0.0,0.0,0.0,0.0,0.06666666666666667,0.0,0.0,0.0,0.0,0.0,0.0,1.0,0.0,0.0,0.0,0.0,0.0,0.0,0.0,0.0,0.0,0.0,0.0,0.0,0.0,0.0,0.0,1.0,0.0,0.0,0.0,0.0,0.0,0.0,0.0,0.0,0.0,0.0,0.0,0.0,0.0,0.0,0.0,0.9333333333333333,0.0,0.0,0.0,0.0,0.06666666666666667,0.0,0.0,0.0,0.0,0.0,0.0,0.0,0.0,0.03333333333333333,0.0,0.9666666666666667,0.0,0.0,0.0,0.0,0.0,0.0,0.0,0.0,0.0,0.0,0.0,0.0,0.0,0.0,0.0,0.9333333333333333,0.0,0.0,0.0,0.0,0.06666666666666667,0.0,0.0,0.0,0.0,0.0,0.0,0.0,0.0,0.0,0.0,1.0,0.0,0.0,0.0,0.0,0.0,0.0,0.0,0.0,0.0,0.0,0.0,0.0,0.0,0.0,0.0,0.6,0.0,0.4,0.0,0.0,0.0,0.0,0.0,0.0,0.0,0.0,0.06666666666666667,0.0,0.0,0.0,0.0,0.9333333333333333,0.0,0.0,0.0,0.0,0.0,0.0,0.0,0.0,0.0,0.0,0.0,0.0,0.0,0.0,0.0,0.9666666666666667,0.0,0.03333333333333333,0.0,0.0,0.0,0.0,0.0,0.0,0.0,0.0,0.0,0.0,0.0,0.0,0.0,1.0,0.0,0.0,0.0,0.0,0.0,0.0,0.0,0.0,0.0,0.0,0.0,0.0,0.0,0.0,0.0,1.0,0.0,0.0,0.0,0.0,0.0,0.0,0.0,0.0,0.0,0.0,0.0,0.0,0.0,0.0,0.0,1.0,0.0,0.0,0.0,0.0,0.0,0.0,0.0,0.0,0.0,0.0,0.0,0.0,0.0,0.0,0.0,1.0,0.0,0.0,0.0,0.0,0.0,0.0,0.0,0.0,0.36666666666666664,0.0,0.0,0.0,0.0,0.0,0.0,0.6333333333333333,85.10244714472718,0.0,0.778155112455947,0.6199041743796148,0.0,0.0,0.0,1.692551765492102,0.0,1.9012132635065127,0.8549058215167226,0.0,0.0,0.0,5.821935590991493,0.0,90.25121856295574,5.559854265964589,0.0,0.0,0.0,0.0,0.0,1.8992959741165654,0.0,0.7290002269965274,0.0,0.0,0.0,0.0,0.0,8.988316352702805,61.38130570382867,0.0,8.732923601120694,0.3074587147635384,0.0,0.802167620583011,0.349473052414594,0.0,0.315693298628498,0.0,0.13819240135134417,0.0,4.364918627654396,0.15381798957434833,0.0,4.113862680593493,80.88696472267286,5.676587421172957,2.76513863617447,0.5539327629769141,0.5533731462170014,15.263505656697177,2.0925479886916527,0.5539327629769141,0.0,0.0,0.0,0.0,0.0,0.36307616649689234,2.1446835745459705,0.0,91.57320998491917,0.0,0.5548207209765388,0.0,0.0,0.0,0.23631775978464462,0.2928585804455936,0.0,0.0,0.0,5.071854084074721,0.0,0.0,2.0161827210209897,0.40619354516760664,69.75986509619919,2.018057471434435,0.4930189891209521,0.0,0.1349715863599903,3.429467637689567,0.0,1.2088979447001211,1.2088979447001211,0.0,0.13526489767918834,0.0,0.0,1.6399530219350507,0.0,3.07892597866304,62.33224225691794,0.0,1.4732432323752358,3.555102426988011,8.397903888018046,0.0,1.4615165346900203,1.2189133474329255,0.0,0.6547145090435285,0.40453023679108413,1.3374754042274313,0.06267119757776692,0.0,0.2466940053568,0.12534239515553383,76.0809947265133,2.172570446913054,11.796185417225631,0.0,0.06267119757776692,0.36518962567667845,0.21393041162722276,14.089715319595477,0.0,0.0,0.3010912703128506,19.308316028877957,0.0,0.3819721755593495,0.0,0.690169097469767,77.6060748174434,0.3622557444685051,0.0,0.0,0.0,0.0,0.1505456351564253,0.8717991227387961,0.0,0.5846891348014627,0.0,0.0,0.06035267984955056,3.3136916592117203,0.4601012608844335,0.32600265443585513,88.98260569854588,0.1157878727560404,0.8991620440154483,0.0,0.0,0.0,0.12389446180300089,0.516894733898529,0.8420055027757922,1.5655528342694125,0.0,2.923057962699539,9.364386151438296,0.0,0.0,0.0,56.53059238189533,0.0,1.349524131529474,1.349524131529474,0.0,0.0,0.0,0.0,0.0,0.0,0.0,0.0,0.0,0.0,0.0,0.0,87.55488936002732,0.0,0.0,0.0,0.0,0.0,0.6861281205751998,0.0,0.13322399465533566,0.0,1.089801734000911,0.06661199732766783,0.13322399465533566,0.0,0.0,0.0,104.72554944435396,5.704459130412088,0.13322399465533566,0.0,3.1096308512659703,0.0,0.0,0.11171716847334173,0.0,0.657151554622859,0.0,0.0,0.0,0.0,3.7862669609425255,8.129388614897376,71.599335962885,0.0,11.603999412566845,0.0,1.2765854187975822,0.0,0.060319026334708106,0.0,0.0,26.87835611103972,0.0,0.1809570790041243,0.0,0.060319026334708106,0.0,0.1809570790041243,64.10265609926283
14,0.2,0.5,1.3,0.95,1.6,105.63943253552227,97.66358814859075,100.94810407964515,109.96891738750666,111.91209723015227,81.5523392197252,87.00337259845357,115.48913699232915,103.65308309512722,131.44983942387202,74.94127921052173,103.83828322519395,110.19657141180544,85.71901367854728,94.32418674605707,0.9,0.0,0.0,0.0,0.0,0.0,0.0,0.0,0.0,0.0,0.0,0.1,0.0,0.0,0.0,0.0,0.5,0.36666666666666664,0.0,0.0,0.0,0.0,0.0,0.0,0.0,0.0,0.13333333333333333,0.0,0.0,0.0,0.0,0.0,1.0,0.0,0.0,0.0,0.0,0.0,0.0,0.0,0.0,0.0,0.0,0.0,0.0,0.0,0.0,0.0,1.0,0.0,0.0,0.0,0.0,0.0,0.0,0.0,0.0,0.0,0.0,0.0,0.0,0.0,0.03333333333333333,0.0,0.9666666666666667,0.0,0.0,0.0,0.0,0.0,0.0,0.0,0.0,0.0,0.0,0.0,0.0,0.0,0.0,0.0,0.9,0.0,0.0,0.0,0.0,0.1,0.0,0.0,0.0,0.0,0.0,0.0,0.0,0.0,0.0,0.0,0.7666666666666667,0.0,0.0,0.0,0.23333333333333334,0.0,0.0,0.0,0.0,0.0,0.0,0.0,0.0,0.0,0.0,0.0,0.5666666666666667,0.0,0.0,0.0,0.0,0.0,0.0,0.43333333333333335,0.0,0.0,0.0,0.0,0.0,0.0,0.0,0.0,1.0,0.0,0.0,0.0,0.0,0.0,0.0,0.0,0.0,0.0,0.0,0.03333333333333333,0.0,0.0,0.0,0.0,0.9666666666666667,0.0,0.0,0.0,0.0,0.0,0.0,0.0,0.3,0.0,0.0,0.0,0.3,0.0,0.0,0.0,0.4,0.0,0.0,0.0,0.0,0.0,0.0,0.0,0.0,0.0,0.0,0.0,0.0,0.0,0.0,0.0,1.0,0.0,0.0,0.0,0.0,0.0,0.0,0.0,0.0,0.0,0.0,0.0,0.0,0.4666666666666667,0.0,0.0,0.5333333333333333,0.0,0.0,0.0,0.0,0.0,0.0,0.0,0.0,0.0,0.0,0.0,0.0,0.0,0.0,0.0,1.0,0.0,0.0,0.0,0.0,0.0,0.0,0.0,0.0,0.5333333333333333,0.0,0.0,0.0,0.0,0.0,0.0,0.4666666666666667,86.77694952563905,0.0,0.6226923126262225,0.49606175394696345,0.0,0.0,0.0,1.3544189299391134,0.0,1.521378582356193,0.6841254824676466,2.8395990937882782,0.0,0.0,4.658854638207328,0.0,82.5721972641495,14.851949160397695,0.0,0.0,0.0,0.0,0.0,1.519517489025524,0.0,0.5832319087387882,3.7832158014903565,0.0,0.0,0.0,0.0,7.1830984015341235,65.10908787833085,0.0,6.978551311920082,0.24572369437324362,0.0,0.6411210561762365,0.27931337280182994,0.0,0.25229919024728836,0.0,0.1104448709812954,0.0,3.488528091112916,0.12201792463974866,0.0,3.267131152626216,85.40796249487013,4.506249067263923,2.1950187332013025,0.4399332730905964,0.43898005713151483,12.118313315842684,1.659835039749676,0.4399332730905964,0.0,0.0,0.0,0.0,0.0,0.2929665996548042,2.702180451245359,0.0,94.4769525325637,0.0,0.44774671907951147,0.0,0.0,0.0,0.1906431829554438,0.23628051715952753,0.0,0.0,0.0,3.984424931800323,0.0,0.0,1.5846628633926088,0.3190900369152416,69.33508903128062,1.5847629313332825,0.3876276263982186,0.0,0.10608533332415998,4.903836055724542,0.0,0.9492546708135307,0.9492546708135307,0.0,0.10818132218960537,0.0,0.0,1.3115618407706733,0.0,2.462382380791958,62.305964018083785,0.0,1.178232125064081,2.8432202665837916,11.90364228091514,0.0,1.1688822851402365,0.9748542983013906,0.0,0.5287645613337895,0.32667956738202547,1.0803893887905114,0.050642912133011864,0.0,0.19935257748427726,0.10128582426602373,73.64421499549796,1.7551631993487573,9.527744234794723,0.0,0.050642912133011864,0.29518180325423504,0.1729123576936235,24.136252601116304,0.0,0.0,0.24103246721978794,15.456801745913612,0.0,0.30577558164948937,0.0,0.5525010289759034,82.02344824890929,0.28999602746444986,0.0,0.0,0.0,0.0,0.12051623360989397,0.7363659351665296,0.0,0.492746555056383,0.0,0.9923627769784762,0.05094815135301452,2.7915158857247966,0.3880316312999628,0.2751857445685499,96.05621394811678,0.0978229774597037,0.758532126174676,0.0,0.0,0.0,0.09997727583135912,0.4170489110231372,6.659814606339816,1.2631772653756639,0.0,2.360002558487288,13.545214774095243,0.0,0.0,0.0,51.487698347818586,0.0,1.0898276752852316,1.0898276752852316,0.0,0.0,0.0,0.0,0.0,0.0,0.0,0.0,0.0,0.0,0.0,0.0,88.71450439821909,0.0,0.0,0.0,0.0,0.0,0.5454155263751581,0.0,0.1058630884625057,0.0,0.866224808575201,0.05293154423125285,0.1058630884625057,14.908932442777584,0.0,0.0,95.71819765485266,4.534014756750156,0.1058630884625057,0.0,2.473550893743166,0.0,0.0,0.08885289241078338,0.0,0.5226778531011359,0.0,0.0,0.0,0.0,3.0113328525914542,6.466735940374246,73.4617163709987,0.0,8.88470454781786,0.0,0.9776180695331477,0.0,0.04612901253355095,0.0,0.0,33.631263611574994,0.0,0.13838703760065285,0.0,0.04612901253355095,0.0,0.13838703760065285,57.41612558244412
15,0.2,0.5,1.3,0.95,1.6,102.87167946548875,94.41771811502232,103.37129678934244,107.63269335025335,110.38814339145674,78.8251130534141,88.02794975626148,127.89845320952581,102.34274612409185,134.3992682112351,74.88775762624957,104.54087872226047,107.4983766572565,84.1189189173099,85.00847011433804,0.9333333333333333,0.0,0.0,0.0,0.0,0.03333333333333333,0.0,0.0,0.0,0.0,0.0,0.0,0.0,0.0,0.03333333333333333,0.0,1.0,0.0,0.0,0.0,0.0,0.0,0.0,0.0,0.0,0.0,0.0,0.0,0.0,0.0,0.0,0.03333333333333333,0.9666666666666667,0.0,0.0,0.0,0.0,0.0,0.0,0.0,0.0,0.0,0.0,0.0,0.0,0.0,0.0,0.0,0.9333333333333333,0.0,0.03333333333333333,0.0,0.0,0.03333333333333333,0.0,0.0,0.0,0.0,0.0,0.0,0.03333333333333333,0.0,0.0,0.0,0.9666666666666667,0.0,0.0,0.0,0.0,0.0,0.0,0.0,0.0,0.0,0.0,0.0,0.0,0.0,0.0,0.0,0.8333333333333334,0.06666666666666667,0.0,0.0,0.0,0.03333333333333333,0.0,0.06666666666666667,0.0,0.0,0.0,0.0,0.0,0.0,0.0,0.0,0.9333333333333333,0.0,0.0,0.0,0.06666666666666667,0.0,0.0,0.0,0.0,0.0,0.0,0.0,0.0,0.0,0.0,0.0,1.0,0.0,0.0,0.0,0.0,0.0,0.0,0.0,0.0,0.0,0.0,0.03333333333333333,0.0,0.0,0.0,0.0,0.9666666666666667,0.0,0.0,0.0,0.0,0.0,0.0,0.0,0.0,0.0,0.0,0.0,0.0,0.0,0.0,0.0,0.9666666666666667,0.0,0.0,0.03333333333333333,0.0,0.0,0.0,0.0,0.0,0.0,0.0,0.0,0.06666666666666667,0.0,0.0,0.0,0.9333333333333333,0.0,0.0,0.0,0.0,0.0,0.0,0.0,0.0,0.0,0.0,0.0,0.0,0.0,0.0,0.0,1.0,0.0,0.0,0.0,0.0,0.0,0.0,0.0,0.0,0.0,0.0,0.0,0.0,0.0,0.0,0.0,1.0,0.0,0.0,0.0,0.0,0.0,0.0,0.0,0.0,0.0,0.0,0.0,0.0,0.0,0.0,0.0,1.0,0.0,0.0,0.0,0.0,0.0,0.0,0.0,0.0,0.5333333333333333,0.0,0.0,0.0,0.0,0.0,0.0,0.4666666666666667,86.83880248388027,0.0,0.48899489792871265,0.3893133717166536,0.0,0.9155417486411932,0.0,1.0629810455159856,0.0,1.194890686559288,0.5363663721925456,2.230232145587743,0.0,0.0,4.571510744620123,0.0,80.96284007765449,11.240391747547363,0.0,0.0,0.0,0.0,0.0,1.1468341359489302,0.0,0.4395480416263726,2.8623065568966237,0.0,0.0,0.0,0.0,7.147115022012729,75.43924813201677,0.0,6.124801175622798,0.21350935716143377,0.0,0.5555601451264242,0.24189764869116176,0.0,0.21961678517686553,0.0,0.09594501811481715,0.0,3.027912600815595,0.09666689066514028,0.0,2.5918036714545694,87.20971293857276,3.572986185421516,2.693454739569403,0.3490096274102213,0.34778494938534943,10.563167090892035,1.3148845491600734,0.3490096274102213,0.0,0.0,0.0,0.0,0.9699048426613198,0.23355690280699154,2.1546758310059393,0.0,95.88411708971414,0.0,0.3569299191078449,0.0,0.0,0.0,0.15199683874530845,0.18837485715001234,0.0,0.0,0.0,3.1201368950902046,0.0,0.0,1.241636326393553,0.2498612115255325,67.18854191331141,2.6539988783712065,0.30383994669453007,0.0,0.08312278148304128,4.544102424567999,0.0,2.156496720086398,0.7429228402778275,0.0,0.08707968302615082,0.0,0.0,1.0562490409688647,0.0,1.9831580148574588,65.60908698497636,0.0,0.9489192409371159,2.2896328851638788,11.095877587320047,0.0,0.9408886282212632,0.7847128204857929,0.0,0.4264279545860994,0.26343422080121964,0.8714336569401766,0.0408605162825731,0.0,0.16084871526473477,0.0817210325651462,81.34063439486009,1.415835493463844,7.684320240497214,0.0,0.0408605162825731,0.23821871554285667,0.13953961591271488,19.46586028411959,0.0,0.0,0.19147048274446843,13.177492229754634,0.0,0.24293861932149846,0.0,0.438891577737654,84.1909774308734,0.2303694614711309,0.0,0.0,0.0,0.0,0.09573524137223421,0.6345765514207268,0.0,0.4234029241601131,0.0,0.8508719447396139,0.04387361575545774,2.3974529371372415,0.3337365968432655,0.2369551281441852,106.68196151419525,0.08432576461662525,0.6526318256361212,1.1392319416735577,0.0,0.0,0.07905468585205826,0.3298377386786572,5.257986438042668,0.9989917176811034,0.0,1.8648091206483195,11.992668225576898,0.0,0.0,0.0,53.94847697571038,0.0,0.8608786597878448,0.8608786597878448,0.0,0.0,0.0,0.0,0.0,0.0,0.0,0.0,0.0,0.0,0.0,0.0,92.62252079670145,0.0,0.0,0.0,0.0,0.0,0.41214287898973007,0.0,0.07972274625797621,0.0,0.6540169473036286,0.039861373128988103,0.07972274625797621,11.291054044338296,0.0,0.0,93.41735606939211,3.422202133186735,0.07972274625797621,0.0,1.9624969441850362,0.0,0.0,0.07048088279740239,0.0,0.4146279949297303,0.0,0.0,0.0,0.0,2.3886498686281774,5.130923695554454,74.53963079929206,0.0,7.100592269423598,0.0,0.7813089196287066,0.0,0.03686494649457675,0.0,0.0,39.95672597135034,0.0,0.11059483948373033,0.0,0.03686494649457675,0.0,0.11059483948373033,54.24929128826932
16,0.2,0.5,1.3,0.95,1.6,100.84327224177035,104.32903056354758,95.59288689979978,105.96633652652007,108.31755465619621,77.31494350396535,87.88922400039658,141.27502470444927,101.07298944941635,147.72550273115047,75.12148421154949,103.9051779760234,96.67084528440535,82.86722581535953,75.07829864592638,1.0,0.0,0.0,0.0,0.0,0.0,0.0,0.0,0.0,0.0,0.0,0.0,0.0,0.0,0.0,0.0,1.0,0.0,0.0,0.0,0.0,0.0,0.0,0.0,0.0,0.0,0.0,0.0,0.0,0.0,0.0,0.43333333333333335,0.5666666666666667,0.0,0.0,0.0,0.0,0.0,0.0,0.0,0.0,0.0,0.0,0.0,0.0,0.0,0.0,0.0,1.0,0.0,0.0,0.0,0.0,0.0,0.0,0.0,0.0,0.0,0.0,0.0,0.0,0.0,0.03333333333333333,0.0,0.9666666666666667,0.0,0.0,0.0,0.0,0.0,0.0,0.0,0.0,0.0,0.0,0.0,0.0,0.0,0.0,0.0,1.0,0.0,0.0,0.0,0.0,0.0,0.0,0.0,0.0,0.0,0.0,0.0,0.0,0.0,0.0,0.0,0.9,0.0,0.0,0.0,0.1,0.0,0.0,0.0,0.0,0.0,0.0,0.0,0.0,0.0,0.0,0.0,0.9333333333333333,0.0,0.0,0.0,0.0,0.0,0.0,0.06666666666666667,0.0,0.0,0.0,0.0,0.0,0.0,0.0,0.0,1.0,0.0,0.0,0.0,0.0,0.0,0.0,0.0,0.0,0.0,0.0,0.0,0.0,0.0,0.0,0.0,0.9666666666666667,0.0,0.0,0.03333333333333333,0.0,0.0,0.0,0.0,0.0,0.0,0.0,0.0,0.1,0.0,0.0,0.0,0.9,0.0,0.0,0.0,0.0,0.0,0.0,0.0,0.0,0.0,0.0,0.0,0.0,0.0,0.0,0.0,1.0,0.0,0.0,0.0,0.0,0.0,0.0,0.0,0.0,0.0,0.0,0.0,0.0,0.5,0.0,0.0,0.5,0.0,0.0,0.0,0.0,0.0,0.0,0.0,0.0,0.0,0.0,0.0,0.0,0.0,0.0,0.0,1.0,0.0,0.0,0.0,0.0,0.0,0.0,0.0,0.0,0.6333333333333333,0.0,0.0,0.0,0.0,0.0,0.0,0.36666666666666664,88.27606969735507,0.0,0.38713637544856566,0.30811048527126345,0.0,0.7247491602182013,0.0,0.841274597306332,0.0,0.9460673952325641,0.42424679032503676,1.7658150124138055,0.0,0.0,3.618004022703367,0.0,81.82843147554682,8.874131020122134,0.0,0.0,0.0,0.0,0.0,0.9047895516602678,0.0,0.3466547840819404,2.259567113816328,0.0,0.0,0.0,0.0,17.4522073687148,72.41074711076763,0.0,4.979931658126051,0.17330945580708387,0.0,0.45075288680981596,0.19624420419139313,0.0,0.17832057227320544,0.0,0.07787753274423051,0.0,2.457367194222277,0.07668682805238057,0.0,2.058494166113971,89.67148042910841,2.8365383226500924,2.1379995989266614,0.27720304896687015,0.2759078950753477,8.386725643565436,1.043045720319803,0.27720304896687015,0.0,0.0,0.0,0.0,0.7726910762668728,0.18599502724153183,2.6730739689886542,0.0,96.65090855098326,0.0,0.2842235095048838,0.0,0.0,0.0,0.12105812730036941,0.15002318282370217,0.0,0.0,0.0,2.4633977841540804,0.0,0.0,0.9806452608698941,0.1972630164308683,68.00313962218199,2.0939278489398285,0.24003283797326477,0.0,0.06565111451626092,3.5856741586709187,0.0,1.7012182188498486,0.5863398409773363,0.0,0.07021363441898461,0.0,0.0,0.8521986279634558,0.0,1.6001568493328495,67.99148108837319,0.0,0.7656497464189085,1.8471928246919285,11.242560639814357,0.0,0.7586587926732191,0.6327375096055858,0.0,0.36065825380207395,0.22268988986846458,0.7378326945130184,0.03466602865448703,0.0,0.1364860770100397,0.06933205730897406,91.50367596917519,1.1995336690825806,6.5023488658762965,0.0,0.03466602865448703,0.20241869269787416,0.11854236067618058,18.685658477961923,0.0,0.0,0.15261626118969465,10.503700601979805,0.0,0.19365591188462236,0.0,0.3498284391394446,86.54960565245035,0.18362310046351463,0.0,0.0,0.0,0.0,0.07630813059484733,0.5157529885610244,0.0,0.34391814464269677,0.0,0.6908348283649661,0.03565308019369744,1.9471813320806988,0.2711364479347745,0.192554050720094,111.31281125823537,0.06854002292045083,0.530254550179186,2.08890009904533,0.0,0.0,0.06337153582382841,0.26439413716462223,4.216018688803551,0.8007853255661905,0.0,1.4950439813036591,11.563265817057149,0.0,0.0,0.0,56.06247630008977,0.0,0.6902167827270573,0.6902167827270573,0.0,0.0,0.0,0.0,0.0,0.0,0.0,0.0,0.0,0.0,0.0,0.0,94.42281424415637,0.0,0.0,0.0,0.0,0.0,0.3265928962932316,0.0,0.06313716422075877,0.0,0.5181858039933955,0.031568582110379384,0.06313716422075877,22.925551206302217,0.0,0.0,84.25657995667723,2.7113073568888453,0.06313716422075877,0.0,1.5605628979047759,0.0,0.0,0.056037522178322134,0.0,0.32967372706504605,0.0,0.0,0.0,0.0,1.8991342507376505,4.080225441883996,75.22887071897202,0.0,5.429680676229484,0.0,0.5975758058100478,0.0,0.028153826135313306,0.0,0.0,44.49609728181816,0.0,0.08446147840593995,0.0,0.028153826135313306,0.0,0.08446147840593995,47.36307388911665
17,0.2,0.5,1.3,0.95,1.6,98.98307905608517,106.13108031509545,92.72729318960187,101.64031182755637,105.70805720140685,78.31221837861206,86.71206964960777,141.9894543803772,101.03639454432783,149.50742224222597,76.92072643867945,102.77975474333348,95.37248441937065,90.6507881170116,66.39176220381263,1.0,0.0,0.0,0.0,0.0,0.0,0.0,0.0,0.0,0.0,0.0,0.0,0.0,0.0,0.0,0.0,1.0,0.0,0.0,0.0,0.0,0.0,0.0,0.0,0.0,0.0,0.0,0.0,0.0,0.0,0.0,0.0,1.0,0.0,0.0,0.0,0.0,0.0,0.0,0.0,0.0,0.0,0.0,0.0,0.0,0.0,0.0,0.0,0.8,0.0,0.0,0.0,0.0,0.0,0.0,0.2,0.0,0.0,0.0,0.0,0.0,0.0,0.0,0.0,0.9666666666666667,0.03333333333333333,0.0,0.0,0.0,0.0,0.0,0.0,0.0,0.0,0.0,0.0,0.0,0.0,0.0,0.0,1.0,0.0,0.0,0.0,0.0,0.0,0.0,0.0,0.0,0.0,0.0,0.0,0.0,0.0,0.0,0.0,0.9,0.0,0.0,0.0,0.03333333333333333,0.0,0.06666666666666667,0.0,0.0,0.0,0.0,0.0,0.0,0.0,0.0,0.0,1.0,0.0,0.0,0.0,0.0,0.0,0.0,0.0,0.0,0.0,0.0,0.0,0.0,0.0,0.0,0.0,1.0,0.0,0.0,0.0,0.0,0.0,0.0,0.0,0.0,0.0,0.0,0.0,0.0,0.0,0.0,0.0,0.9666666666666667,0.0,0.0,0.03333333333333333,0.0,0.0,0.0,0.0,0.0,0.06666666666666667,0.0,0.06666666666666667,0.06666666666666667,0.0,0.06666666666666667,0.0,0.7333333333333333,0.0,0.0,0.0,0.0,0.0,0.0,0.0,0.0,0.0,0.0,0.0,0.0,0.0,0.0,0.0,1.0,0.0,0.0,0.0,0.0,0.0,0.0,0.0,0.0,0.0,0.0,0.0,0.0,0.0,0.0,0.0,1.0,0.0,0.0,0.0,0.0,0.0,0.0,0.0,0.0,0.0,0.0,0.0,0.0,0.0,0.0,0.0,1.0,0.0,0.0,0.0,0.0,0.0,0.0,0.0,0.0,0.0,0.0,0.0,0.0,0.0,0.0,0.4666666666666667,0.5333333333333333,89.13407424184136,0.0,0.30694446062982483,0.24421362888549566,0.0,0.5745661893371494,0.0,0.6668154007553059,0.0,0.7501491455663313,0.33609698824310297,1.4001411485839435,0.0,0.0,2.867704024959276,0.0,88.65467469491611,7.448570505565049,0.0,0.0,0.0,0.0,0.0,0.7612983571967582,0.0,0.29205206096070885,1.8971349887797087,0.0,0.0,0.0,0.0,13.436145263891417,73.84478080049391,0.0,3.818745922395919,0.13348686714905758,0.0,0.34759775167960205,0.1513723939220472,0.0,0.13723756961389644,0.0,0.05998872257577621,0.0,1.8936243282241616,0.06090395849917533,0.0,1.6364970550596862,87.35303688232818,2.2541776605612807,1.6988507488801954,0.22038142443438208,0.21912801289288852,6.665422867105661,0.8283315590765794,5.730630923813426,0.0,0.0,0.0,0.0,0.6128334230619501,0.14739656670971107,2.1197282495862853,0.0,96.53022866221704,0.9387521403537005,0.2252061004588346,0.0,0.0,0.0,0.09595903363254302,0.11890505905004892,0.0,0.0,0.0,1.954806240355319,0.0,0.0,0.7783561489055346,0.15653306938709355,68.634004357877,1.6609038459962797,0.1905479497526288,0.0,0.05210883107222354,2.8444085848991514,0.0,1.3493103795511663,0.46518119117405976,0.0,0.056168934436009066,0.0,0.0,0.6817330696179444,0.0,1.2800765709521362,69.42016578203592,0.0,0.6124964224371534,1.4776986912864842,9.755408936291843,0.0,2.130318908022863,0.5061721842671967,0.0,0.30481546114664343,0.18811968185308825,0.6242243667385186,0.02938343174224047,0.0,0.11570502978696434,0.05876686348448094,104.13944405628355,1.0154357637631264,5.498088815205961,0.0,0.02938343174224047,0.1718202669722194,0.10060184935722993,15.790638625276664,0.0,0.0,0.12143212019753116,8.357778543685663,0.0,0.15410472179037604,0.0,0.2783467948796023,88.0656266265485,0.14610503782569784,0.0,0.0,0.0,0.0,0.06071606009876558,0.4366310051127733,0.0,0.2905635689391928,0.0,0.5827707069325101,0.030168135864097747,1.6445114487148924,0.229224268304549,0.16292195469214044,120.98647760387134,0.058037352691092926,0.44840253341308345,3.03614976327361,0.0,0.0,0.05079967998290579,0.21193537534329898,3.3805352814070697,1.9440103087060554,0.0,2.5007038029361257,10.574000828916288,0.0,1.3021057263335245,0.0,55.41909517484844,0.0,0.5533871354456105,0.5533871354456105,0.0,0.0,0.0,0.0,0.0,0.0,0.0,0.0,0.0,0.0,0.0,0.0,95.10264549702902,0.0,0.0,0.0,0.0,0.0,0.24863782952762672,0.0,0.04791461864368436,0.0,0.3941946327205208,0.02395730932184218,0.04791461864368436,17.452671051412164,0.0,0.0,82.57486362655288,2.0619499285100233,0.04791461864368436,0.0,1.2410089186965536,0.0,0.0,0.04455618317608881,0.0,0.2621389091609166,0.0,0.0,0.0,0.0,1.5100117066422227,3.2448458032912755,75.53820408564255,0.0,4.1202462979637575,0.0,0.453579137771924,0.0,0.02133056440798114,0.0,0.0,33.64259302282199,0.0,0.06399169322394341,0.0,0.02133056440798114,0.0,9.173491928929678,43.47936473292483
18,0.2,0.5,1.3,0.95,1.6,97.4133609749312,105.83158087322019,91.14274868537143,99.47423514605956,103.20883272791843,77.03052345087445,85.79619825546632,139.09637419415031,100.16653640767947,147.98640866928153,73.21037429185564,101.63396742415249,95.63575555849663,99.86787163543751,65.69430319517018,1.0,0.0,0.0,0.0,0.0,0.0,0.0,0.0,0.0,0.0,0.0,0.0,0.0,0.0,0.0,0.0,1.0,0.0,0.0,0.0,0.0,0.0,0.0,0.0,0.0,0.0,0.0,0.0,0.0,0.0,0.0,0.0,1.0,0.0,0.0,0.0,0.0,0.0,0.0,0.0,0.0,0.0,0.0,0.0,0.0,0.0,0.0,0.0,1.0,0.0,0.0,0.0,0.0,0.0,0.0,0.0,0.0,0.0,0.0,0.0,0.0,0.0,0.0,0.0,0.9666666666666667,0.0,0.0,0.0,0.0,0.0,0.0,0.0,0.0,0.03333333333333333,0.0,0.0,0.0,0.0,0.0,0.0,0.9333333333333333,0.0,0.0,0.0,0.0,0.06666666666666667,0.0,0.0,0.0,0.0,0.0,0.0,0.0,0.0,0.0,0.0,1.0,0.0,0.0,0.0,0.0,0.0,0.0,0.0,0.0,0.0,0.0,0.0,0.0,0.0,0.0,0.0,0.9333333333333333,0.0,0.0,0.0,0.0,0.0,0.0,0.06666666666666667,0.0,0.0,0.0,0.0,0.0,0.0,0.0,0.0,1.0,0.0,0.0,0.0,0.0,0.0,0.0,0.0,0.0,0.0,0.0,0.0,0.0,0.0,0.0,0.0,0.9666666666666667,0.0,0.0,0.03333333333333333,0.0,0.0,0.0,0.0,0.0,0.0,0.0,0.0,0.0,0.0,0.0,0.0,0.6666666666666666,0.0,0.0,0.3333333333333333,0.0,0.0,0.0,0.0,0.0,0.0,0.0,0.0,0.0,0.0,0.0,0.0,1.0,0.0,0.0,0.0,0.0,0.0,0.0,0.0,0.0,0.0,0.0,0.0,0.0,0.0,0.0,0.0,1.0,0.0,0.0,0.0,0.0,0.0,0.0,0.0,0.0,0.0,0.0,0.0,0.0,0.0,0.0,0.0,1.0,0.0,0.0,0.0,0.0,0.0,0.0,0.0,0.0,0.06666666666666667,0.0,0.0,0.0,0.0,0.0,0.0,0.9333333333333333,89.6712791235707,0.0,0.2440719003338032,0.19415013355232305,0.0,0.45684454159228305,0.0,0.5301227408620316,0.0,0.5965211424662115,0.26710637835168843,1.1133988553435095,0.0,0.0,2.279834863651702,0.0,91.93129417031672,6.026913334138845,0.0,0.0,0.0,0.0,0.0,0.6163393446092672,0.0,0.2365115509525771,1.5351440649678,0.0,0.0,0.0,0.0,10.622012260596286,75.97677963379044,0.0,3.015111589267126,0.10554351351790588,0.0,0.2749384277923215,0.11974032566674667,0.0,0.10848173885589707,0.0,0.04743246237323295,0.0,1.4974509925896002,0.0478452777584961,0.0,1.2889043438528043,88.00111243326775,1.7736794019919573,1.3363228222647108,0.1735837770893294,0.17215286953583347,5.245717427925844,0.6506349885771143,4.504681549492574,0.0,0.0,0.0,0.0,0.4858759760567553,0.11676211727875281,1.6803217475120176,0.0,95.92956490665584,0.744187943835913,0.17837148773610634,0.0,0.0,0.0,0.07603469424621168,0.0942049543196412,0.0,0.9161364957455261,0.0,1.5773286012922791,0.0,0.0,0.6279048729772598,0.12630885985245296,69.2950187130864,1.3407885382597258,0.1536910693065419,0.0,0.042036239554237236,3.653386727381168,0.0,1.0893323899099279,0.37544186549203507,0.0,0.044781469645107416,0.0,0.0,0.5433744314924275,0.0,1.020251940936079,71.80531849025124,0.0,0.48817656317927977,1.177830916394346,7.7751146068836094,0.0,1.6980938700074952,0.4035495427898793,0.0,0.24536926503068526,0.15142399173590904,0.5025418438849525,0.023660457955199013,0.0,0.0931708404720264,0.047320915910398026,108.9923324834301,0.8175457951527738,4.426055513513401,0.0,0.023660457955199013,0.13837678102886639,0.0810186194920327,15.172082911851597,0.0,0.0,0.09741991410436625,6.704969860288215,0.0,0.12362401749659402,0.0,0.22330644109836228,89.85022524511336,0.11721324782383216,0.0,0.0,0.0,0.0,0.048709957052183124,0.3531311452659545,0.0,0.23490779340876078,0.0,0.47101017333208506,0.024396567141809447,1.3294259267841633,0.1853404853817815,0.13175141929430628,125.21152884733142,0.0469403028824589,0.3625754833096971,3.747480031480994,0.0,0.0,0.04117684164988603,0.17175048029604276,2.7449018007224137,1.5776231055781833,0.0,2.02972269958254,8.586496978373068,0.0,1.057408364394418,0.0,54.74067689186127,0.0,0.4490725388740979,7.115535496892985,0.0,0.0,0.0,0.0,0.0,0.0,0.0,0.0,0.0,0.0,0.0,0.0,95.4241982509522,0.0,0.0,0.0,0.0,0.0,0.19823038916440075,0.0,0.03819207139527907,0.0,0.3142606097878391,0.019096035697639534,0.03819207139527907,13.914372611690224,0.0,0.0,83.95409228904299,1.6437979139492935,0.03819207139527907,0.0,1.0368980020482752,0.0,0.0,0.03726743748132236,0.0,0.21919168032624856,0.0,0.0,0.0,0.0,1.2630870693620642,2.7104353448308345,80.59653277252451,0.0,3.1451334237131343,0.0,0.3463161335104309,0.0,0.016258436994174046,0.0,0.0,26.743953790097475,0.0,0.04877531098252215,0.0,0.016258436994174046,0.0,6.934419077603059,44.856592547681615
19,0.2,0.5,1.3,0.95,1.6,117.7694497894304,104.96156124480164,89.89449677275285,97.98574356257087,100.88872985293172,74.51665010628834,86.72179102631773,125.47946687637906,99.08800077275194,145.46280903664282,71.53672001860224,100.53920377508777,94.57377672001566,103.24156245101905,63.64642918651713,1.0,0.0,0.0,0.0,0.0,0.0,0.0,0.0,0.0,0.0,0.0,0.0,0.0,0.0,0.0,0.0,1.0,0.0,0.0,0.0,0.0,0.0,0.0,0.0,0.0,0.0,0.0,0.0,0.0,0.0,0.0,0.0,1.0,0.0,0.0,0.0,0.0,0.0,0.0,0.0,0.0,0.0,0.0,0.0,0.0,0.0,0.0,0.0,1.0,0.0,0.0,0.0,0.0,0.0,0.0,0.0,0.0,0.0,0.0,0.0,0.0,0.0,0.0,0.0,0.9666666666666667,0.0,0.0,0.0,0.0,0.0,0.0,0.0,0.0,0.03333333333333333,0.0,0.0,0.0,0.0,0.0,0.0,0.9,0.1,0.0,0.0,0.0,0.0,0.0,0.0,0.0,0.0,0.0,0.0,0.0,0.0,0.0,0.0,1.0,0.0,0.0,0.0,0.0,0.0,0.0,0.0,0.0,0.5666666666666667,0.0,0.0,0.0,0.0,0.0,0.0,0.43333333333333335,0.0,0.0,0.0,0.0,0.0,0.0,0.0,0.0,0.0,0.0,0.0,0.0,0.0,0.0,0.0,1.0,0.0,0.0,0.0,0.0,0.0,0.0,0.0,0.0,0.0,0.0,0.0,0.0,0.0,0.0,0.0,0.9666666666666667,0.0,0.0,0.03333333333333333,0.0,0.0,0.0,0.0,0.0,0.0,0.0,0.0,0.0,0.0,0.0,0.0,1.0,0.0,0.0,0.0,0.0,0.0,0.0,0.0,0.0,0.0,0.0,0.0,0.0,0.0,0.0,0.0,1.0,0.0,0.0,0.0,0.0,0.0,0.0,0.0,0.0,0.0,0.0,0.06666666666666667,0.0,0.0,0.0,0.0,0.9,0.0,0.03333333333333333,0.0,0.0,0.0,0.0,0.0,0.0,0.0,0.0,0.0,0.0,0.0,0.0,0.0,1.0,0.0,0.06666666666666667,0.0,0.0,0.0,0.0,0.0,0.0,0.1,0.0,0.0,0.0,0.0,0.0,0.0,0.8333333333333334,89.95690801082617,0.0,0.19449476589354342,0.154692508746326,0.0,0.3640318286820548,0.0,0.4223864544711055,0.0,0.47536709135058386,0.21277452179011652,0.8872673816502129,0.0,0.0,1.8165016774610743,0.0,93.84134385365203,4.833464892674645,0.0,0.0,0.0,0.0,0.0,0.4943516937113767,0.0,0.18971249678011876,1.231172780970355,0.0,0.0,0.0,0.0,8.459110270468203,77.81504997873084,0.0,2.399989098092308,0.08405681105998784,0.0,0.21899821214564966,0.09538040127115933,0.0,0.08638847992852436,0.0,0.037776529972976924,0.0,1.1926673573360276,0.03801256975632039,0.0,1.0250288798934164,88.83759488191262,1.410035048934311,1.0622235174835972,0.13804972717597352,0.13677640827219323,4.170559488967715,0.516894997608134,3.5797723016113476,0.0,0.0,0.0,0.0,0.3856677292264563,0.09261174871200362,1.333577347833823,0.0,95.08552164406917,0.5906435389009232,0.14145835011143967,0.0,0.0,0.0,0.06032173635721244,0.07472907228630135,0.0,1.6215378528317035,0.0,1.2568913009602625,0.0,0.0,0.5003992342548517,0.10064799147840389,68.37580387062897,3.070975749497774,0.12249096533802835,0.0,0.03350024644156206,2.9104870978460227,0.0,0.8678215221869578,0.299137878329029,0.0,0.035779314686512256,0.0,0.0,0.43409911078401,0.0,0.8150647650810937,73.66574042173285,0.0,0.3899979490577957,0.9409731471989087,6.211373989421744,0.0,1.3566364350426194,0.32242536196648824,0.0,20.6884378055621,0.12028855619028703,0.3991355232392043,0.018787505442700417,0.0,0.07398059061936708,0.037575010885400835,98.05917570426045,0.649273979508002,3.5155662383051345,0.0,0.018787505442700417,0.1098578244156898,0.06432266492919513,12.053333426770623,0.0,0.0,0.07790487131298747,5.361852460271587,0.0,0.0988606758691084,0.0,0.178573907057418,90.88288516620892,0.09373330862160179,0.0,0.0,0.0,0.0,0.038952435656493735,0.28209747045644096,0.0,0.18766460905889648,0.0,0.37629769407638336,0.019489348568905163,1.0620694707923712,0.1480635648070996,0.1052505818351228,127.2206961062678,0.03749789044588545,0.28965005352316936,4.276866949695038,0.0,0.0,0.032344048642394124,0.13495085451742977,2.1509018575687127,1.2371659804002182,0.0,1.5913432786357693,6.727603296890514,0.0,0.8284368068611996,0.0,56.80723962366271,0.0,0.35218052503667924,5.576701021595919,0.0,0.0,0.0,0.0,0.0,0.0,0.0,0.0,0.0,0.0,0.0,0.0,95.51978538218154,0.0,0.0,0.0,0.0,0.0,0.15935935186910397,0.0,0.03071282457209311,0.0,0.25265687138711096,1.673042841966655,0.03071282457209311,11.185948162660205,0.0,0.0,83.85248891673028,1.3216069055390944,0.8595560394123973,0.0,0.8721040805031397,0.0,0.0,0.03138105180702916,0.0,0.18451024708571906,0.0,0.0,0.0,0.0,1.0636670991314972,2.2789961361768625,87.0542328176641,0.0,3.652159658555198,0.0,0.2767628139191151,0.0,0.012992619143447133,0.0,0.0,23.078806937301927,0.0,0.038977857430341406,0.0,0.012992619143447133,0.0,5.540446067404969,46.24426636912195
20,0.2,0.5,1.3,0.95,1.6,120.42976203591152,102.42218758098042,90.49295856239354,96.06717413319784,110.04555093741808,72.49273604810956,86.22127000810993,119.84158050998819,99.52326084299365,142.2807777524302,71.916529560172,99.38047288494354,94.68481575674883,103.50703667209196,58.845383430664185,0.8666666666666667,0.0,0.0,0.0,0.03333333333333333,0.0,0.0,0.06666666666666667,0.0,0.0,0.0,0.0,0.0,0.0,0.03333333333333333,0.0,0.9333333333333333,0.06666666666666667,0.0,0.0,0.0,0.0,0.0,0.0,0.0,0.0,0.0,0.0,0.0,0.0,0.0,0.0,1.0,0.0,0.0,0.0,0.0,0.0,0.0,0.0,0.0,0.0,0.0,0.0,0.0,0.0,0.0,0.0,0.9,0.0,0.0,0.0,0.0,0.06666666666666667,0.0,0.03333333333333333,0.0,0.0,0.0,0.0,0.0,0.0,0.0,0.0,0.9666666666666667,0.03333333333333333,0.0,0.0,0.0,0.0,0.0,0.0,0.0,0.0,0.0,0.0,0.0,0.0,0.06666666666666667,0.0,0.9,0.0,0.0,0.0,0.0,0.03333333333333333,0.0,0.0,0.0,0.0,0.0,0.0,0.0,0.0,0.0,0.0,1.0,0.0,0.0,0.0,0.0,0.0,0.0,0.0,0.0,0.0,0.0,0.0,0.0,0.0,0.0,0.0,0.9,0.0,0.0,0.0,0.0,0.0,0.0,0.1,0.0,0.0,0.0,0.0,0.0,0.0,0.0,0.0,1.0,0.0,0.0,0.0,0.0,0.0,0.0,0.0,0.0,0.0,0.0,0.0,0.0,0.0,0.0,0.0,0.9666666666666667,0.0,0.0,0.03333333333333333,0.0,0.0,0.0,0.0,0.0,0.0,0.0,0.0,0.0,0.0,0.0,0.0,1.0,0.0,0.0,0.0,0.0,0.0,0.0,0.0,0.0,0.0,0.0,0.0,0.0,0.0,0.0,0.0,1.0,0.0,0.0,0.0,0.0,0.0,0.0,0.0,0.0,0.0,0.0,0.0,0.0,0.0,0.0,0.0,1.0,0.0,0.0,0.0,0.0,0.0,0.0,0.0,0.0,0.0,0.0,0.0,0.0,0.0,0.0,0.0,1.0,0.0,0.0,0.0,0.0,0.0,0.6333333333333333,0.0,0.0,0.0,0.0,0.0,0.0,0.0,0.0,0.0,0.36666666666666664,99.00613627911454,0.0,0.17160674473446644,0.13692788156578092,1.0206685648417302,0.32153227988651134,0.0,2.4151772891409684,0.0,0.41912319052985825,0.18933356715754143,0.7822683913178518,0.0,0.0,2.6284936586400125,0.0,93.5489821746994,5.679239175193847,0.0,0.0,0.0,0.0,0.0,0.3947447696618332,0.0,0.15148044440909555,0.9831790471261265,0.0,0.0,0.0,0.0,6.737607385836089,79.0504202053965,0.0,1.910662771888752,0.0669540337497238,0.0,0.17446422625181623,0.07598680227253674,0.0,0.06880478929002384,0.0,0.030090595976629598,0.0,0.9500529642047479,0.0302514924490892,0.0,0.8163577502847753,87.46853744720214,1.1226703900194401,0.8456683292876461,0.10994825223750991,0.10885226001576304,5.019221780463683,0.41134310595394663,3.6986100418581094,0.0,0.0,0.0,0.0,0.3058525446434833,0.07338390470540049,1.057419231101785,0.0,93.91942293024312,1.3427223441964367,0.1120713734610956,0.0,0.0,0.0,0.04780999799933429,0.059221925887484206,0.0,1.2856474651277332,0.0,0.9926549388911108,0.0,0.0,1.6869635233572806,0.07948620177882126,66.69366357567787,2.422743572671656,0.09679817619300006,0.0,0.026467220735934688,2.9425898961080286,0.0,0.6848316560818295,0.23616633449725205,0.0,0.028827850948750747,0.0,0.0,0.3499553801565041,0.0,0.6571183901923205,75.86643206495867,0.0,0.314419813579123,0.7585350201739004,5.007953314922958,0.0,1.0935039232634138,0.25978667026350705,0.0,15.774613999788137,0.09126047728787849,0.3023753638322584,0.014206938339091446,0.0,0.05593522499605496,0.028413876678182893,96.04548186743759,0.49159045183318534,2.6647498200491118,0.0,0.014206938339091446,0.08295700862008379,0.04858197347958762,12.41236635947822,0.0,0.0,0.06213436665234844,4.276524642768179,0.0,0.07885337798739121,0.0,0.14242437800629731,91.30959281023158,0.07475910257845737,0.0,0.0,0.0,0.0,0.03106718332617422,0.2239761641804956,0.0,0.1490389338120812,0.0,0.2989061393837601,0.015474925143961482,0.8435103996265323,0.11757864157381244,0.08357163586931964,127.82010709006322,0.029771296474691095,0.23000617072548546,4.660461841538822,0.0,0.0,0.02566926505483146,0.10711616026525128,1.7052001030325465,0.9811368152020177,0.0,1.261892062384801,5.333265234131272,0.0,0.6567194651872239,0.0,58.62725470734536,0.0,0.27930431119007143,4.421461537724484,0.0,0.0,0.0,0.0,0.0,0.0,0.0,0.0,0.0,0.0,0.0,0.0,95.28092161280182,0.0,0.0,0.0,0.0,0.0,0.12710547993529325,0.0,0.02449180928831509,0.0,0.20151019449898208,1.3340889843467074,0.02449180928831509,8.921921207515222,0.0,0.0,84.8431662379254,1.0540480090520623,0.6854133491395901,0.0,0.7109159735795633,0.0,0.0,0.025591789246243016,0.0,0.1504535352391593,0.0,0.0,0.0,0.0,0.8674637973975887,1.8575786775457286,90.67155321263562,0.0,2.888857996234257,0.0,0.21913970381077502,0.0,10.490728836121056,0.0,0.0,18.253793182415386,0.0,0.030850490223705174,0.0,0.01028349674123506,0.0,4.376869964704859,40.985068411268585
21,0.2,0.5,1.3,0.95,1.6,110.96729520169261,100.72295163710508,89.9650126712896,104.68666992078437,121.2551558945107,64.86964729880633,86.32703342672247,129.24507886426656,98.85535429419392,125.38108722478452,71.98973788800436,98.16064506601435,92.12780350276931,124.93282676652728,49.97347012054411,0.6,0.0,0.0,0.0,0.0,0.0,0.0,0.4,0.0,0.0,0.0,0.0,0.0,0.0,0.0,0.0,1.0,0.0,0.0,0.0,0.0,0.0,0.0,0.0,0.0,0.0,0.0,0.0,0.0,0.0,0.0,0.0,1.0,0.0,0.0,0.0,0.0,0.0,0.0,0.0,0.0,0.0,0.0,0.0,0.0,0.0,0.0,0.0,1.0,0.0,0.0,0.0,0.0,0.0,0.0,0.0,0.0,0.0,0.0,0.0,0.0,0.0,0.0,0.0,0.9666666666666667,0.03333333333333333,0.0,0.0,0.0,0.0,0.0,0.0,0.0,0.0,0.0,0.0,0.0,0.0,0.5333333333333333,0.0,0.4666666666666667,0.0,0.0,0.0,0.0,0.0,0.0,0.0,0.0,0.0,0.0,0.0,0.0,0.0,0.0,0.0,0.9333333333333333,0.0,0.0,0.0,0.06666666666666667,0.0,0.0,0.0,0.0,0.0,0.0,0.0,0.0,0.0,0.0,0.0,1.0,0.0,0.0,0.0,0.0,0.0,0.0,0.0,0.0,0.0,0.0,0.0,0.0,0.0,0.0,0.0,1.0,0.0,0.0,0.0,0.0,0.0,0.0,0.0,0.0,0.0,0.0,0.0,0.0,0.0,0.0,0.0,0.4,0.0,0.0,0.0,0.6,0.0,0.0,0.0,0.0,0.0,0.0,0.0,0.06666666666666667,0.0,0.0,0.0,0.9333333333333333,0.0,0.0,0.0,0.0,0.0,0.0,0.0,0.0,0.0,0.0,0.0,0.0,0.0,0.0,0.0,1.0,0.0,0.0,0.0,0.0,0.0,0.0,0.0,0.0,0.0,0.03333333333333333,0.0,0.0,0.06666666666666667,0.0,0.0,0.9,0.0,0.0,0.0,0.0,0.0,0.0,0.0,0.0,0.0,0.0,0.0,0.0,0.0,0.0,0.0,1.0,0.0,0.0,0.0,0.0,0.0,0.6333333333333333,0.0,0.0,0.0,0.0,0.0,0.0,0.0,0.0,0.0,0.36666666666666664,94.13210315134245,0.0,0.13933475947390092,0.11122853189553789,0.8280762283485953,0.26110502906794975,0.0,14.48451892355149,0.0,0.34026864429117115,0.1539133967768437,0.6350887261056851,0.0,0.0,2.1341277997007686,0.0,93.58852427794814,4.501163166780331,0.0,0.0,0.0,0.0,0.0,0.31273143099157724,0.0,0.11997974035070591,0.7792246052367657,0.0,0.0,0.0,0.0,5.421765534760679,80.81821869331388,0.0,1.5384869335209426,0.053874266858944114,0.0,0.14035517734281933,0.06112834322061649,0.0,0.055370432676350605,0.0,0.024211901661859395,0.0,0.7643981144505777,0.02403011031735172,0.0,0.6491314274235246,87.74756414519304,0.8923556187440416,0.6720996116609972,0.0874282607347415,0.08646802326113641,3.9888942904169085,0.3267300193772578,2.9385308344665724,0.0,0.0,0.0,0.0,0.2560637087435594,0.061701451421508194,0.8860127901825314,0.0,98.94628151663464,2.079431190752283,0.09430590613118363,0.0,0.0,0.0,0.04014685934231023,0.04976000055800167,0.0,1.0776788958165184,0.0,0.7863903019240595,0.0,0.0,11.387662258545042,0.06296813835836197,59.221035648170066,1.9177229075961972,0.07672003778235785,0.0,0.020973504198290693,2.3294389416560484,0.0,0.5421962153777117,0.1870420927798334,0.0,0.02305961224710982,0.0,0.0,0.27992936669842877,0.0,0.5256285659849431,75.97544670783633,0.0,0.2515042378252105,0.6067528627374557,5.500357409559544,0.0,0.8746961525990893,0.20780523098515863,0.0,12.381683808766766,0.0714841852107574,0.2367076561210084,0.01111315195098765,0.0,0.04375177643293228,0.0222263039019753,98.08284426654684,0.3847384940025387,2.0865056869717336,0.0,0.01111315195098765,0.06485401900457935,0.037983585477783494,9.727071811440783,0.0,0.0,0.049951603828078756,3.437908431734578,0.0,0.06338558619249511,0.0,0.1144994467067312,92.31996617125165,0.06010035356699444,0.0,0.0,0.0,0.0,0.024975801914039378,0.17740823669349906,0.0,0.11809287915706068,0.0,0.23690409467688187,0.01225853180573114,0.6684071888902086,0.09315437441008863,0.06620228760903343,112.19255723652057,0.023580565820957314,0.1822196797118203,3.697464530705574,22.195801329379112,0.0,0.020631675190941556,0.08608762138193744,1.3714140960341836,0.7889268310812781,0.0,1.0147398881944987,5.535980479403941,0.0,0.5281937204489644,0.0,59.90608250366955,0.0,0.22458384879270699,3.5558164033347843,0.0,0.0,0.0,0.0,0.0,0.0,0.0,0.0,0.0,0.0,0.0,0.0,94.87603463803407,0.0,0.0,0.0,0.0,0.0,0.10199927110551575,0.0,0.01965811474194759,0.0,0.982317091369004,1.0708530465990145,0.01965811474194759,8.800862673988222,0.0,0.0,84.28537244913996,0.8459071188941402,0.5501701093559678,0.0,0.5710513626965815,0.0,0.0,0.02055875249661898,0.0,0.12086137717340806,0.0,0.0,0.0,0.0,0.6968673809157635,1.49208718180236,92.51490297043658,0.0,2.243587392781405,0.0,0.1706491241841157,0.0,17.78752929330319,0.0,0.0,14.17332836438059,0.0,0.023999039447359993,0.0,0.007999679815786668,0.0,3.3875519357379007,35.85038927999649
22,0.2,0.5,1.3,0.95,1.6,100.54940415472986,105.84530190188585,88.86180887785828,100.20397738690221,122.30464374565229,63.110668415059685,85.36659801696122,138.43524502491573,106.17918495180535,105.06784457139615,71.27424010256487,96.70362646698356,112.0413017646175,130.44136099249366,45.40237060247656,0.7,0.0,0.0,0.0,0.0,0.0,0.0,0.3,0.0,0.0,0.0,0.0,0.0,0.0,0.0,0.0,1.0,0.0,0.0,0.0,0.0,0.0,0.0,0.0,0.0,0.0,0.0,0.0,0.0,0.0,0.0,0.0,1.0,0.0,0.0,0.0,0.0,0.0,0.0,0.0,0.0,0.0,0.0,0.0,0.0,0.0,0.0,0.0,0.7,0.0,0.16666666666666666,0.0,0.0,0.0,0.0,0.0,0.0,0.0,0.0,0.13333333333333333,0.0,0.0,0.0,0.0,0.9666666666666667,0.0,0.0,0.0,0.0,0.0,0.0,0.0,0.03333333333333333,0.0,0.0,0.0,0.4,0.0,0.0,0.0,0.6,0.0,0.0,0.0,0.0,0.0,0.0,0.0,0.0,0.0,0.0,0.0,0.0,0.0,0.0,0.0,1.0,0.0,0.0,0.0,0.0,0.0,0.0,0.0,0.0,0.0,0.0,0.0,0.0,0.0,0.0,0.0,1.0,0.0,0.0,0.0,0.0,0.0,0.0,0.0,0.0,0.0,0.0,0.0,0.0,0.0,0.0,0.0,0.4666666666666667,0.0,0.0,0.0,0.5333333333333333,0.0,0.0,0.0,0.0,0.0,0.0,0.0,0.0,0.0,0.0,0.5666666666666667,0.43333333333333335,0.0,0.0,0.0,0.0,0.0,0.0,0.0,0.0,0.0,0.0,0.0,0.0,0.0,0.0,0.0,1.0,0.0,0.0,0.0,0.0,0.0,0.0,0.0,0.0,0.0,0.0,0.0,0.0,0.0,0.0,0.0,1.0,0.0,0.0,0.0,0.0,0.0,0.0,0.0,0.0,0.06666666666666667,0.0,0.0,0.0,0.0,0.0,0.0,0.9333333333333333,0.0,0.0,0.0,0.0,0.0,0.0,0.0,0.0,0.0,0.0,0.0,0.0,0.0,0.0,0.0,1.0,0.0,0.0,0.0,0.0,0.0,0.0,0.0,0.0,0.0,0.0,0.0,0.0,0.0,0.6333333333333333,0.0,0.36666666666666664,86.86015442672272,0.0,0.10673319609689956,0.08508716361980069,0.6357971289448003,0.19992195887847775,0.0,19.78136276093754,0.0,0.26073259329581333,0.11747850893481437,0.4866453798687893,0.0,0.0,1.6349144150585726,0.0,93.35305287177866,3.570090311289243,0.0,0.0,0.0,0.0,0.0,0.24794715298658365,0.0,0.09510403365821168,0.6180347158216004,0.0,0.0,0.0,0.0,4.323339651730746,81.53103710450114,0.0,1.2263665579067193,0.042961242844717334,0.0,0.11193596256271057,0.04875212723299743,0.0,0.04415126279429831,0.0,0.019307585777658464,0.0,0.6095835761376911,0.02007136775895553,0.0,0.5388908715077421,87.14668542904764,0.7425129651348382,5.096066329367715,0.07256908474755225,0.07221414370837398,3.3222712598434967,0.27299481270918324,2.451642240292408,0.0,0.0,0.0,3.6291378905871916,0.21525688471809645,0.05209878390658118,0.7454517857269711,0.0,105.53365298572737,1.7491386050314366,0.07969498818356252,0.0,0.0,0.0,0.03385355832117982,0.04198621107454961,1.050878017752426,0.9070894550409921,0.0,0.5996382642397112,6.746443319075858,0.0,8.629848988736672,0.04800847048120924,52.359280447081105,1.4561569689150602,0.058637717992509164,0.0,0.016015538340278537,1.769671571379377,0.0,0.4121512335014035,0.14242691484056033,0.0,0.01845056223066719,0.0,0.0,0.22398110061739052,0.0,0.4205740536837425,77.19272934461553,0.0,0.20123741908855594,0.4854831866289866,4.401032359560954,0.0,0.6998720836977111,0.16627013207558788,0.0,10.263013191901754,0.05947783808376426,0.19716936879699767,0.009269814308195148,0.0,0.03649876885418175,0.018539628616390295,106.01811629543272,0.32061508382264337,1.7372704645219141,0.0,0.009269814308195148,0.05415475732423361,0.031712285816214374,8.086447580310953,0.0,0.0,0.03981104797802433,2.7400558605952594,0.0,0.05052206250076973,0.0,0.09125494589922818,82.34037214740329,0.04789991526979204,0.0,0.0,13.707942462128225,0.0,0.019905523989012165,0.13178383966959437,0.0,0.08796152555901729,0.0,0.17681652492389754,0.009112168814515827,0.49810068007382874,0.06932515241305391,18.522027542284338,94.54280976283842,0.01751144479454353,0.1355611173911841,2.781144162534869,16.695134794015313,0.0,0.01650624595609686,0.06887381103350375,1.0971995346184167,0.6311792670288674,0.0,0.8118410876733053,4.42906226484605,0.0,0.4225814941723714,0.0,61.605925359880715,0.0,0.17967780980726078,2.844828586199884,0.0,0.0,0.0,0.0,0.0,0.0,0.0,0.0,0.0,0.0,0.0,0.0,94.05163744682828,0.0,0.0,0.0,0.0,0.0,0.08054992904434893,0.0,0.015510962022702288,1.5968819273813348,0.7750145753705757,0.844744454080886,0.015510962022702288,6.948661606619499,0.0,0.0,82.85276019217989,0.6678311423742362,0.43400544855746975,0.0,0.5041458633283459,0.0,0.0,0.01818776082047088,0.0,0.10686071864428469,0.0,0.0,0.0,0.0,0.6165863760012912,1.3165789504491787,105.72082453154368,0.0,1.686659608583883,0.0,0.1290444397910996,0.0,13.169920626741911,0.0,0.0,10.649783828940336,0.0,0.018106928223880835,0.0,0.006035642741293615,8.228964746516263,2.527373387638808,30.250506404887286
23,0.2,0.5,1.3,0.95,1.6,95.48370279843552,106.52453399759078,88.64096276545119,97.44121509216481,120.1274343164981,63.64555308020052,85.18033199199297,138.59270221793545,97.7221285254147,113.58147638283464,70.02793446872008,95.11740081314792,115.5903478718793,130.06952276576166,47.18868639923834,0.9333333333333333,0.0,0.0,0.0,0.0,0.0,0.0,0.06666666666666667,0.0,0.0,0.0,0.0,0.0,0.0,0.0,0.0,1.0,0.0,0.0,0.0,0.0,0.0,0.0,0.0,0.0,0.0,0.0,0.0,0.0,0.0,0.0,0.0,1.0,0.0,0.0,0.0,0.0,0.0,0.0,0.0,0.0,0.0,0.0,0.0,0.0,0.0,0.0,0.0,0.9333333333333333,0.0,0.06666666666666667,0.0,0.0,0.0,0.0,0.0,0.0,0.0,0.0,0.0,0.0,0.0,0.03333333333333333,0.0,0.9666666666666667,0.0,0.0,0.0,0.0,0.0,0.0,0.0,0.0,0.0,0.0,0.0,0.0,0.0,0.06666666666666667,0.0,0.9333333333333333,0.0,0.0,0.0,0.0,0.0,0.0,0.0,0.0,0.0,0.0,0.0,0.0,0.0,0.0,0.03333333333333333,0.9333333333333333,0.0,0.0,0.0,0.03333333333333333,0.0,0.0,0.0,0.0,0.0,0.0,0.0,0.0,0.0,0.0,0.0,0.9,0.0,0.0,0.0,0.0,0.0,0.0,0.1,0.0,0.0,0.0,0.0,0.0,0.0,0.0,0.0,0.43333333333333335,0.5666666666666667,0.0,0.0,0.0,0.0,0.0,0.0,0.0,0.0,0.0,0.0,0.0,0.03333333333333333,0.0,0.0,0.9666666666666667,0.0,0.0,0.0,0.0,0.0,0.0,0.0,0.0,0.0,0.0,0.0,0.06666666666666667,0.0,0.0,0.0,0.9333333333333333,0.0,0.0,0.0,0.0,0.0,0.0,0.0,0.0,0.0,0.0,0.0,0.0,0.0,0.0,0.0,1.0,0.0,0.0,0.0,0.0,0.0,0.0,0.0,0.0,0.0,0.0,0.0,0.1,0.0,0.0,0.0,0.9,0.0,0.0,0.0,0.0,0.0,0.0,0.0,0.0,0.0,0.0,0.0,0.0,0.0,0.0,0.0,1.0,0.0,0.03333333333333333,0.0,0.0,0.0,0.0,0.0,0.0,0.03333333333333333,0.0,0.0,0.0,0.0,0.0,0.0,0.9333333333333333,83.92307915371673,0.0,0.08120024496172534,0.06462521261192114,0.4850617014021361,0.15201336951492267,0.0,16.82971328050586,0.0,0.19843348193413873,0.08898516207663242,0.3703719302812449,0.0,0.0,1.2439266999193412,0.0,96.61999592424363,2.9243486686470352,0.0,0.0,0.0,0.0,0.0,0.20331235815745782,0.0,0.07803090319807211,0.5062608684603959,0.0,0.0,0.0,0.0,3.435663564628575,81.6594456756707,0.0,0.9738619209912941,0.03414309344549569,0.0,0.08897951746383137,0.03875556578173164,0.0,0.03508380754230978,0.0,0.015344807657170324,0.0,0.48450338860656095,0.01568845817931867,0.0,0.4225912995947681,85.92368654213351,0.5815546412040039,5.723718675420164,0.05691253540221874,0.056448785412167225,2.6007534733592697,0.21334420175968752,1.9174498850797161,0.0,0.0,0.0,2.838952657396273,0.17284685669872416,0.04184775529175906,1.658593340093816,0.0,107.20617115224327,1.4045862858078721,0.06401794743080806,0.0,0.0,0.0,0.02718984607784691,0.03372321872402455,0.8436700490109234,0.7284417460139019,0.0,0.4740094315908753,5.319828745149883,0.0,7.904896262550605,0.03794911095045548,52.52759992691718,1.149833828912351,0.04638050002278784,0.0,0.012664791584998683,1.3975780391986883,0.0,0.3255417679470643,0.1125475214676613,0.0,0.014673440954527814,0.0,0.0,0.17804571951150253,0.0,1.0741463470193542,76.49922518883358,0.0,0.15995916847288047,0.38593611632125635,4.238059577754076,0.0,0.5564093078722919,0.13223013671357223,0.0,8.486525488594646,0.049350507364040924,0.16375952670415278,0.007708661917494553,0.0,0.03035495357805599,0.015417323834989106,111.481057342313,0.2663922985182279,1.4423626244687093,0.0,0.007708661917494553,0.045077415235340396,0.026393038576417484,10.303769579484602,0.0,0.0,0.032985584909091197,2.2697588433105067,0.0,0.041828085446144414,0.0,0.07561144277144995,76.99265428146644,15.683417924412874,0.0,0.0,11.363267647928993,0.0,0.016492792454545598,0.0956673250873628,0.0,0.06410237339371673,0.0,0.1292262920791125,0.006621309533142612,1.2738264682405638,0.05045807096722563,13.607095267557803,88.9319555174897,0.012707239258936973,0.09861998472626717,2.054765096271232,12.334685382984112,0.0,0.013139212995850259,0.05482932562427817,0.8728024205992704,0.5021980397705612,0.0,0.6459013927584385,4.7584889035676134,0.0,0.3361393449742999,0.0,61.64255419817509,0.0,0.14296292780491643,2.263119868454441,0.0,0.0,0.0,0.0,0.0,0.0,0.0,0.0,0.0,0.0,0.0,0.0,93.00072482429006,0.0,0.0,0.0,0.0,0.0,0.07071331554503989,0.0,0.013697110887833503,1.4143438304010427,0.684802973669062,0.7471555260669742,2.926770956767889,6.10903499008003,0.0,0.0,92.29795279926569,0.5874326007859818,0.38385059619936224,0.0,0.4127223649299155,0.0,0.0,0.01489632616991807,0.0,0.0875110117430777,0.0,0.0,0.0,0.0,0.5050185395815402,1.077701369640317,111.3485046908956,0.0,1.6977776202587729,0.0,0.10012450497316253,0.0,10.094720250211362,0.0,0.0,8.626601942053476,0.0,0.014030924424532638,0.0,0.004676974808177545,6.277358872886657,1.9458719695112607,31.326894874818954
24,0.2,0.5,1.3,0.95,1.6,91.24918684726899,95.80626357503597,104.61473302450901,95.64875786161146,117.71529602768057,77.07085542630149,79.04462459152933,135.4888051456534,87.14215231921214,116.19304682342292,76.38767030784977,93.73109872906694,112.72987687393251,131.24187303056956,52.650112887362226,0.9,0.0,0.0,0.0,0.0,0.0,0.0,0.0,0.0,0.0,0.0,0.0,0.0,0.0,0.1,0.0,0.5,0.0,0.0,0.0,0.5,0.0,0.0,0.0,0.0,0.0,0.0,0.0,0.0,0.0,0.0,0.0,1.0,0.0,0.0,0.0,0.0,0.0,0.0,0.0,0.0,0.0,0.0,0.0,0.0,0.0,0.0,0.0,1.0,0.0,0.0,0.0,0.0,0.0,0.0,0.0,0.0,0.0,0.0,0.0,0.0,0.0,0.03333333333333333,0.0,0.9666666666666667,0.0,0.0,0.0,0.0,0.0,0.0,0.0,0.0,0.0,0.0,0.0,0.0,0.0,0.0,0.0,1.0,0.0,0.0,0.0,0.0,0.0,0.0,0.0,0.0,0.0,0.0,0.0,0.0,0.0,0.0,0.0,0.6666666666666666,0.0,0.0,0.0,0.3333333333333333,0.0,0.0,0.0,0.0,0.0,0.0,0.0,0.0,0.0,0.0,0.0,0.9,0.0,0.0,0.0,0.0,0.0,0.0,0.1,0.0,0.0,0.0,0.0,0.0,0.0,0.0,0.0,0.5333333333333333,0.4666666666666667,0.0,0.0,0.0,0.0,0.0,0.0,0.0,0.5333333333333333,0.0,0.0,0.0,0.0,0.0,0.0,0.4666666666666667,0.0,0.0,0.0,0.0,0.0,0.0,0.0,0.0,0.0,0.0,0.0,0.0,0.0,0.0,0.0,1.0,0.0,0.0,0.0,0.0,0.0,0.0,0.0,0.0,0.0,0.0,0.0,0.0,0.0,0.0,0.0,1.0,0.0,0.0,0.0,0.0,0.0,0.0,0.0,0.0,0.0,0.0,0.0,0.03333333333333333,0.03333333333333333,0.0,0.0,0.8666666666666667,0.06666666666666667,0.0,0.0,0.0,0.0,0.0,0.0,0.0,0.0,0.0,0.0,0.0,0.0,0.0,0.0,1.0,0.0,0.0,0.0,0.0,0.0,0.0,0.0,0.0,0.06666666666666667,0.0,0.0,0.0,0.0,0.0,0.0,0.9333333333333333,81.95404350683161,0.0,0.06349996582634701,0.05049868545877352,0.3798258008363226,0.11884665117141557,0.0,13.174242048843666,0.0,0.15520545317830728,0.06944489788021412,0.2896895451202547,0.0,0.0,3.4553920661693382,0.0,87.85213302964065,2.3524397910365815,0.0,0.0,13.848189419686802,0.0,0.0,0.16359042092532175,0.0,0.06279444833001034,0.4072549615322939,0.0,0.0,0.0,0.0,2.751395256443047,82.23998688004313,0.0,0.7799898019809175,0.02734259832213555,0.0,0.07125448317731917,0.031035095372910618,0.0,0.028096576627097365,0.0,0.012288452628338485,0.0,0.3879965479560733,0.012404414598732467,0.0,0.3346899652664208,86.46855298201056,0.4602986715049025,4.527248362481786,0.0450763528918302,0.0446339717491554,2.057948022726939,0.16866980982659963,1.5165455274003874,0.0,0.0,0.0,2.245611535995508,0.137310935772972,0.0332239212163052,2.3589763157730115,0.0,107.23350555493138,1.1157186958144454,0.05081957390717612,0.0,0.0,0.0,0.021590622602596157,0.02677625273942623,0.6704636434696937,0.5785785738001541,0.0,0.38124739013540543,4.283529701258516,0.0,6.362929472905831,0.030523038460958014,54.37110261279451,0.9252667912687255,0.03729391404563725,0.0,0.010184657568253685,1.1245596808138911,0.0,0.2619287115430227,0.09053678498396316,0.0,0.011752218009256783,0.0,0.0,0.14261286900889916,0.0,0.8603866400498623,72.06481055269478,0.0,0.12812685339412255,0.3091281152808923,10.776977977660849,0.0,0.445667295091911,0.10590574374900506,0.0,6.809031097745802,0.03960727343222477,0.1314398338602325,0.006187938112929322,0.0,0.024366899189929167,0.012375876225858643,113.15414217586697,0.21382416106987878,1.1576601905049635,0.0,0.006187938112929322,0.03618775023321958,0.021187844173074444,11.871688815595133,0.0,0.0,0.025373423743353492,1.7464131517096346,0.0,0.03220303693382649,0.0,0.058160830804946474,69.10952218365689,23.93100848792244,0.0,0.0,8.736194807486442,0.0,0.012686711871676746,0.07997682758195279,0.0,15.803457393361874,0.0,0.10769435417367533,0.005532849581959711,1.0628496605963664,0.04213104140703187,11.312716431270447,83.99750893249472,0.010625071410873987,0.08236335391542089,1.7038363530667462,10.22807777454216,0.0,0.010453087978955082,0.04362449394897747,0.6938500018280568,0.39932611411785796,0.0,0.5135568939188738,3.7825417780034445,0.0,0.26720523115602757,0.0,62.30479885683689,0.0,0.11367988840043189,1.7992059840528474,0.0,0.0,0.0,0.0,0.0,0.0,0.0,0.0,0.0,0.0,0.0,0.0,92.03836236780144,0.0,0.0,0.0,0.0,0.0,0.05760900177657963,0.0,0.011170931005120755,1.1541241180689956,0.5585664383715322,0.6095357029935402,3.3859472713526424,5.980062815711098,0.0,0.0,94.28688098290372,2.48231226284486,0.31314604975061067,0.0,0.33051325080926913,0.0,0.0,0.01192940173929596,0.0,0.0700809192826493,0.0,0.0,0.0,0.0,0.4044337573419908,0.8630324388932389,113.88088289865095,0.0,1.3807307203273258,0.0,0.08117380370646045,0.0,8.228121824761013,0.0,0.0,7.825174328478193,0.0,0.011381712648670795,0.0,0.0037939042162235983,5.12747990192876,1.5829485154856107,33.89135451173692
25,0.2,0.5,1.3,0.95,1.6,86.01632649224081,93.0919300604765,124.11077400656977,95.19160393045726,116.81217162193352,78.85808505513239,77.37207576905246,134.65725293644718,98.32456604508417,104.3511689098349,77.57860131665905,92.20109829525833,99.73146580866802,130.4819450655117,54.121621085870295,0.8333333333333334,0.0,0.0,0.0,0.06666666666666667,0.0,0.0,0.06666666666666667,0.0,0.0,0.0,0.0,0.0,0.0,0.03333333333333333,0.0,1.0,0.0,0.0,0.0,0.0,0.0,0.0,0.0,0.0,0.0,0.0,0.0,0.0,0.0,0.0,0.0,1.0,0.0,0.0,0.0,0.0,0.0,0.0,0.0,0.0,0.0,0.0,0.0,0.0,0.0,0.0,0.0,0.9666666666666667,0.0,0.03333333333333333,0.0,0.0,0.0,0.0,0.0,0.0,0.0,0.0,0.0,0.0,0.0,0.0,0.0,0.9666666666666667,0.0,0.03333333333333333,0.0,0.0,0.0,0.0,0.0,0.0,0.0,0.0,0.0,0.06666666666666667,0.0,0.06666666666666667,0.0,0.8666666666666667,0.0,0.0,0.0,0.0,0.0,0.0,0.0,0.0,0.0,0.0,0.0,0.0,0.0,0.0,0.0,1.0,0.0,0.0,0.0,0.0,0.0,0.0,0.0,0.0,0.0,0.0,0.0,0.0,0.0,0.0,0.0,1.0,0.0,0.0,0.0,0.0,0.0,0.0,0.0,0.0,0.0,0.0,0.0,0.0,0.0,0.0,0.0,0.9333333333333333,0.06666666666666667,0.0,0.0,0.0,0.0,0.0,0.0,0.0,0.0,0.0,0.0,0.0,0.0,0.0,0.5333333333333333,0.4666666666666667,0.0,0.0,0.0,0.0,0.0,0.0,0.0,0.0,0.0,0.0,0.0,0.0,0.0,0.0,0.0,1.0,0.0,0.0,0.0,0.0,0.0,0.0,0.0,0.0,0.0,0.0,0.0,0.0,0.0,0.0,0.0,1.0,0.0,0.0,0.0,0.0,0.0,0.5,0.0,0.0,0.0,0.0,0.0,0.0,0.0,0.0,0.0,0.5,0.0,0.0,0.0,0.0,0.0,0.0,0.0,0.0,0.0,0.0,0.0,0.0,0.0,0.0,0.0,1.0,0.0,0.0,0.0,0.0,0.0,0.0,0.0,0.0,0.0,0.0,0.0,0.0,0.0,0.0,0.0,1.0,78.57045714735634,0.0,0.04969586894985111,0.03949048633715563,1.879295245285161,0.0929873820741828,0.0,11.902128955955973,0.0,0.12148670366129909,0.054237832461186776,0.22675522072282261,0.0,0.0,3.4930682849137487,0.0,84.84676706488344,1.7861081960921183,0.0,0.0,10.515153997617851,0.0,0.0,0.12391722231854883,0.0,0.047501490619750314,0.30919315480389875,0.0,0.0,0.0,0.0,2.389311881260327,91.51478485420805,0.0,0.6831406110763543,0.02372183899496163,0.0,0.06165979940135313,0.02684135064722016,0.0,0.02441746545105359,0.0,0.010659028180879111,0.0,0.33627292303311745,0.009826213062368933,0.0,0.2655023531728222,86.07579811934079,0.36495066799268355,4.416358335163379,0.03575940497450502,0.03535803424195487,1.6312938454896664,0.13360223042420497,1.2016565044916956,0.0,0.0,0.0,1.7794990338958454,0.10861986206104593,0.026255837490018936,1.8668773250964255,0.0,106.46318587923373,0.8824667767042311,1.0603529566447312,0.0,0.0,0.0,0.01706747684477705,0.021163766469410702,0.5306846395113034,0.45755492248757745,0.0,0.33124854253146385,5.118759611367013,0.0,6.928287244475393,0.026525714979823006,60.50027348183011,0.8097021820614471,0.032273974888013694,0.0,0.008827518527403605,0.9832604238930124,0.0,0.22878585113372366,0.07884803838362507,0.0,0.00908401902746557,0.0,0.0,0.10993009065370085,0.0,0.6630695780662333,70.56297571962352,0.0,0.09873713264307919,0.23835353539885912,8.305616161546725,0.0,0.3437943834613761,0.0818542442391092,0.0,5.382646251244632,0.03127225795485137,0.10374294766976218,0.004881867059103637,0.0,0.019223164831607138,0.009763734118207273,115.16267069446303,0.16874383167342868,0.9138384699943535,0.0,0.004881867059103637,0.028540060526150504,0.016710963792627077,9.381008479084771,0.0,0.0,0.019208994833044692,1.3226297030056102,0.0,0.0244103129968286,0.0,0.044028993314313675,67.7449122831771,19.629192257981362,0.0,0.0,6.608453813765708,0.0,0.009604497416522346,0.06473730210572166,0.0,12.780283070967267,0.0,0.08710239333340519,0.00447804563746534,0.8598926832621046,0.03409221514865901,25.25602444432434,78.19860765436421,0.008600883585888596,0.06665187944020072,1.3762463056078535,8.261565911064624,0.0,0.008682028368052291,0.036209830257459136,0.5791606391869886,0.3327971009559285,0.0,0.42819469003901767,3.1589907031366975,0.0,0.22311939321537536,0.0,66.55845375913539,0.0,0.09472961569792854,1.5012664937448468,0.0,0.0,0.0,0.0,0.0,0.0,0.0,0.0,0.0,0.0,0.0,0.0,90.86652672878597,0.0,0.0,0.0,0.0,0.0,14.700359567419985,0.0,0.008811136908377799,0.9099581325469682,0.44053626810938146,0.48067126390788,2.673187222965857,4.720026561445372,0.0,0.0,85.10814203209861,1.9598848201928853,0.2469439846352234,0.0,0.26556425863383143,0.0,0.0,0.009585974619391547,0.0,0.05631279849230149,0.0,0.0,0.0,0.0,0.32498813954459926,0.6934234326889749,116.42337148625961,0.0,1.1532358078541305,0.0,0.06726087034389051,0.0,6.911784679874997,0.0,0.0,6.526579686496422,0.0,0.009444659408280688,0.0,0.00314821980276023,4.33021732736595,1.3230988667172225,38.497434564261496
26,0.2,0.5,1.3,0.95,1.6,77.52380224825777,91.55416461044032,129.02218349733593,116.47781738709192,114.77679162054191,78.56137250798255,85.27393389612706,117.21905824386022,105.98439189144457,102.06223780910577,72.33552770540331,90.7764268163733,95.07992726526646,128.65807811908894,53.61433517427663,0.6333333333333333,0.0,0.0,0.0,0.0,0.0,0.36666666666666664,0.0,0.0,0.0,0.0,0.0,0.0,0.0,0.0,0.0,1.0,0.0,0.0,0.0,0.0,0.0,0.0,0.0,0.0,0.0,0.0,0.0,0.0,0.0,0.0,0.0,1.0,0.0,0.0,0.0,0.0,0.0,0.0,0.0,0.0,0.0,0.0,0.0,0.0,0.0,0.0,0.0,1.0,0.0,0.0,0.0,0.0,0.0,0.0,0.0,0.0,0.0,0.0,0.0,0.0,0.0,0.0,0.0,0.9666666666666667,0.0,0.03333333333333333,0.0,0.0,0.0,0.0,0.0,0.0,0.0,0.0,0.0,0.0,0.0,0.0,0.0,1.0,0.0,0.0,0.0,0.0,0.0,0.0,0.0,0.0,0.0,0.0,0.0,0.0,0.0,0.0,0.0,1.0,0.0,0.0,0.0,0.0,0.0,0.0,0.0,0.0,0.0,0.0,0.0,0.6333333333333333,0.0,0.0,0.0,0.36666666666666664,0.0,0.0,0.0,0.0,0.0,0.0,0.0,0.0,0.0,0.0,0.0,0.0,0.0,0.0,0.0,0.9333333333333333,0.06666666666666667,0.0,0.0,0.0,0.0,0.0,0.0,0.0,0.0,0.0,0.0,0.0,0.0,0.0,0.03333333333333333,0.9666666666666667,0.0,0.0,0.0,0.0,0.0,0.0,0.0,0.0,0.0,0.0,0.0,0.0,0.0,0.3333333333333333,0.0,0.6666666666666666,0.0,0.0,0.0,0.0,0.0,0.0,0.0,0.0,0.0,0.0,0.0,0.0,0.0,0.0,0.0,1.0,0.0,0.0,0.0,0.0,0.0,0.0,0.0,0.0,0.0,0.0,0.0,0.0,0.0,0.0,0.0,1.0,0.0,0.0,0.0,0.0,0.0,0.0,0.0,0.0,0.0,0.0,0.0,0.0,0.0,0.0,0.0,1.0,0.0,0.0,0.0,0.0,0.0,0.0,0.0,0.0,0.03333333333333333,0.0,0.0,0.0,0.0,0.0,0.0,0.9666666666666667,71.5630135391019,0.0,0.03873980812327002,0.030755689353902646,1.4629829561947576,0.07246505773479579,8.200223125593622,9.28535243231751,0.0,0.09472322086537133,0.042176299931843776,0.17680244399548242,0.0,0.0,2.7199229870248347,0.0,84.71387844923879,1.4114162244209205,0.0,0.0,8.30942736319783,0.0,0.0,0.09786600291086885,0.0,0.037502827874968,0.24432671250225302,0.0,0.0,0.0,0.0,2.0995221852709824,104.14133904093748,0.0,0.605622601498697,0.02082402392396517,0.0,0.05398100929883435,0.02348503908523651,0.0,0.021472908484033243,0.0,0.009354947307155774,0.0,0.29487711196417227,0.007852455313398881,0.0,0.21220504647688784,86.87336897753637,0.2916728190304941,3.5293525587991725,0.02858112796403818,0.028255878237142592,1.3037169638127797,0.10676509613616875,0.9603119896683362,0.0,0.0,0.0,1.4221126273919211,0.08666584193573437,0.02094414828944348,1.489700999813823,0.0,106.4043575274099,0.7040811688469615,1.8584853957023986,0.0,0.0,0.0,0.013615601475245626,0.01688285861703717,0.42348324018745115,0.3650502916213873,0.0,0.26813414244892936,4.151349113287776,0.0,5.616410021334807,0.0214722606416803,64.02957540371435,0.6560613048113538,0.026110469183145874,0.0,0.007143207503089909,0.7965948245181673,0.0,0.1853270016994234,0.06384505318112019,0.0,0.007207288718747306,0.0,0.0,0.0871594862426752,0.0,0.5256956203109446,70.64185854461753,0.0,0.07827977529665593,0.18899511593420862,6.584903849296935,0.0,0.2726329326625875,0.06494206676259602,0.0,4.298530798619555,0.02496922441033235,0.08282884907585719,22.177458432273383,0.0,0.015346772687344351,0.007794897476825203,101.3451070396867,0.1347230584680996,0.729627078253701,0.0,0.0038974487384126014,0.0227838683555749,0.013340658546993754,7.491139749012587,0.0,0.0,0.016299290215725803,1.1218267849792654,0.0,0.020684760558672535,0.0,0.037361246502025415,75.0060452097499,18.36459386984024,0.0,0.0,5.6122190677676596,0.0,0.008149645107862901,0.04896150918902194,0.0,9.709641066835038,0.0,0.06613860369427756,0.003388729676908719,0.6519427360569728,0.02582419931816826,20.116650311467723,78.70191443045228,0.006503417058527807,0.05047312805120877,1.0516882404156853,6.313248906475206,0.0,0.00700238455200249,0.029200596234382717,0.4676058625444557,0.26860654046786653,0.0,0.34563741933812114,2.5508092536501286,0.0,6.903636025068437,0.0,63.570214532191585,0.0,0.07645613279412473,1.2120085573821107,0.0,0.0,0.0,0.0,0.0,0.0,0.0,0.0,0.0,0.0,0.0,0.0,89.7197538326172,0.0,0.0,0.0,0.0,0.0,11.095812883198567,0.0,0.00662236633526786,0.6826621742898493,0.330977948505417,0.3609112009540709,2.017758050681208,3.5586076113992817,0.0,0.0,83.05134556278377,1.4797351368185787,0.18542237522848637,0.0,0.2120694388049499,0.0,0.0,0.0076547237282322215,0.0,0.044968106845109324,0.0,0.0,0.0,0.0,0.2595133623421364,0.553746300936416,117.77165172160434,0.0,0.934202833474809,0.0,0.054362970790274426,0.0,5.608036307104932,0.0,0.0,5.753923313458966,0.0,0.00763672381776758,0.0,0.0025455746059225267,3.518658515452968,1.0720242717929565,41.190479223643116
27,0.2,0.5,1.3,0.95,1.6,74.96665915838773,90.21996607423341,129.42394591464335,123.03252107231495,112.23432342166815,78.00757122249512,89.07749609086115,115.60024598517438,106.65712947763062,102.16427201082259,71.83745677330721,89.40983915184962,92.86042547261057,126.71245054434841,48.529313756125276,1.0,0.0,0.0,0.0,0.0,0.0,0.0,0.0,0.0,0.0,0.0,0.0,0.0,0.0,0.0,0.0,1.0,0.0,0.0,0.0,0.0,0.0,0.0,0.0,0.0,0.0,0.0,0.0,0.0,0.0,0.0,0.0,1.0,0.0,0.0,0.0,0.0,0.0,0.0,0.0,0.0,0.0,0.0,0.0,0.0,0.0,0.0,0.0,0.7333333333333333,0.0,0.0,0.0,0.26666666666666666,0.0,0.0,0.0,0.0,0.0,0.0,0.0,0.0,0.0,0.0,0.0,0.9666666666666667,0.0,0.03333333333333333,0.0,0.0,0.0,0.0,0.0,0.0,0.0,0.0,0.0,0.0,0.0,0.0,0.0,1.0,0.0,0.0,0.0,0.0,0.0,0.0,0.0,0.0,0.0,0.0,0.0,0.0,0.0,0.0,0.0,0.9333333333333333,0.0,0.0,0.0,0.06666666666666667,0.0,0.0,0.0,0.0,0.03333333333333333,0.0,0.0,0.0,0.0,0.0,0.03333333333333333,0.8666666666666667,0.0,0.0,0.03333333333333333,0.0,0.0,0.0,0.03333333333333333,0.0,0.0,0.0,0.0,0.0,0.0,0.0,0.0,0.9333333333333333,0.06666666666666667,0.0,0.0,0.0,0.0,0.0,0.0,0.0,0.0,0.0,0.0,0.0,0.0,0.0,0.03333333333333333,0.9666666666666667,0.0,0.0,0.0,0.0,0.0,0.0,0.0,0.0,0.0,0.0,0.0,0.06666666666666667,0.0,0.0,0.0,0.9333333333333333,0.0,0.0,0.0,0.0,0.0,0.0,0.0,0.0,0.0,0.0,0.0,0.0,0.0,0.0,0.0,1.0,0.0,0.0,0.0,0.0,0.0,0.0,0.0,0.0,0.0,0.0,0.0,0.0,0.0,0.0,0.0,1.0,0.0,0.0,0.0,0.0,0.0,0.0,0.0,0.0,0.0,0.0,0.0,0.0,0.0,0.0,0.0,1.0,0.0,0.0,0.0,0.0,0.5,0.0,0.0,0.0,0.0,0.0,0.0,0.0,0.0,0.0,0.0,0.5,69.40120942558633,0.0,0.029643324682901918,0.02349498102016482,1.1167402127901387,0.05541945251249644,6.244396294014695,7.11485075105049,0.0,0.07250815799899728,0.03213116625682121,0.13533947128761512,0.0,0.0,2.0770999345069865,0.0,84.7128226816306,1.121831048229683,0.0,0.0,6.604618956266004,0.0,0.0,0.07776292085227227,0.0,0.029793964934310625,0.19419586057423519,0.0,0.0,0.0,0.0,1.7196787498088069,109.79259012946517,0.0,0.4970890131363981,0.017052549800875134,0.0,0.04417597022578408,0.01921659471111732,0.0,0.017591335859088852,0.0,0.007660269912846979,0.0,0.2414098174207071,0.006987968053142771,0.0,0.18608403485180736,93.4782963387417,0.25719320350898117,3.133083118951966,0.025053438910424587,8.100932921623693,1.1522604266598804,0.0950868854325528,0.852256804542932,0.0,0.0,0.0,1.260946500541941,0.068801806455261,0.01661565638543158,1.18298978616474,0.0,105.56835082922507,0.558898299218919,2.4705446157430226,0.0,0.0,0.0,0.01080391399092566,0.013395163552510634,0.33633017629653317,0.28974725610373087,0.0,0.21440338224174252,3.3192116399286378,0.0,4.490682290990376,0.017169465335920436,66.12263704937868,0.5245739234077063,0.02087871945615949,0.0,0.005711874562379419,0.6369448195895888,0.0,0.1481854147792052,0.051050629928472174,0.0,0.006031661425836288,0.0,0.0,0.07320796768111847,0.0,0.44167176379364953,74.51247597971114,0.0,0.06577303167475516,0.1586826858240946,7.010338261256765,0.0,0.2287640238441797,0.05435495543292501,0.0,4.237950865916036,0.01858717233227988,0.06153373325370716,16.614207253806367,0.0,0.011369914104930922,1.0216746635477576,95.15342286894213,0.1000059743314806,0.5424486571642395,1.015898504780122,0.002888079383817881,0.016850371260841292,0.009869225322329592,6.6182810248029815,0.0,0.0,0.013558967483123938,0.9329796781984906,0.0,0.017192429741132314,0.0,0.0310807150067888,81.24380752416522,17.117239100786616,0.0,0.0,4.6711795217776295,0.0,0.006779483741561969,0.03877500583667315,0.0,7.695992028425336,0.0,0.05241703063995515,0.0026839856686019367,0.51654063950424,0.020457323875478925,16.832553019900885,81.13795501639473,0.005150148522962139,0.03998150741360337,0.8344781311648645,5.00934331269167,0.0,0.005437017569059489,0.02268440325247427,0.36165922020210534,0.20800382529782993,0.0,0.26755786153167693,3.2258580283705376,0.0,5.3431637301184844,0.0,61.98476268965077,0.0,0.05921150435552352,0.9376659232612939,0.0,0.0,0.0,0.0,0.0,0.0,0.0,0.0,0.0,0.0,0.0,0.0,88.57395440929862,0.0,0.0,0.0,0.0,0.0,8.692887625045557,0.0,0.005179931146872665,0.5336006776032551,0.2588499960122707,0.28219516531853944,1.5808010912935928,2.786759633110491,0.0,0.0,83.07063309191048,1.159403654160238,0.1449825310194242,0.0,0.16858060697226673,0.0,0.0,0.006084222332129956,0.0,0.035743347716423755,0.0,0.0,0.0,0.0,0.20626788454110048,0.4402040769016732,118.10404313394768,0.0,0.7452768613807279,0.0,0.043390852916314684,6.969863572655964,4.472314349629754,0.0,0.0,4.590466385752398,0.0,0.006094835625554516,0.0,0.0020316118751848382,2.8051437264838626,0.8551872895771482,37.93802930016875
28,0.2,0.5,1.3,0.95,1.6,73.50917304075571,90.37803179899264,128.50851698530957,140.4692921691084,109.54218067264473,76.26206837964538,97.61806980320762,102.03159798760103,105.58872385576298,102.61721318974743,71.24803945453957,88.183338793017,84.34512136996693,124.9536538114878,53.19491174619274,0.9333333333333333,0.0,0.0,0.0,0.0,0.0,0.0,0.0,0.0,0.0,0.0,0.0,0.06666666666666667,0.0,0.0,0.0,1.0,0.0,0.0,0.0,0.0,0.0,0.0,0.0,0.0,0.0,0.0,0.0,0.0,0.0,0.0,0.0,1.0,0.0,0.0,0.0,0.0,0.0,0.0,0.0,0.0,0.0,0.0,0.0,0.0,0.0,0.0,0.0,0.9333333333333333,0.0,0.0,0.0,0.03333333333333333,0.0,0.0,0.0,0.0,0.0,0.0,0.03333333333333333,0.03333333333333333,0.0,0.0,0.0,0.9666666666666667,0.0,0.0,0.0,0.0,0.0,0.0,0.0,0.0,0.0,0.0,0.0,0.06666666666666667,0.0,0.0,0.0,0.9333333333333333,0.0,0.0,0.0,0.0,0.0,0.0,0.0,0.0,0.0,0.0,0.0,0.0,0.0,0.0,0.0,1.0,0.0,0.0,0.0,0.0,0.0,0.0,0.0,0.0,0.0,0.0,0.0,0.6,0.0,0.0,0.0,0.4,0.0,0.0,0.0,0.0,0.0,0.0,0.0,0.0,0.0,0.0,0.0,0.0,0.0,0.0,0.0,0.9333333333333333,0.06666666666666667,0.0,0.0,0.0,0.0,0.0,0.0,0.0,0.0,0.0,0.0,0.0,0.0,0.0,0.03333333333333333,0.9666666666666667,0.0,0.0,0.0,0.0,0.0,0.0,0.0,0.0,0.0,0.0,0.0,0.0,0.0,0.0,0.0,1.0,0.0,0.0,0.0,0.0,0.0,0.0,0.0,0.0,0.0,0.0,0.0,0.0,0.0,0.0,0.0,1.0,0.0,0.0,0.0,0.0,0.0,0.0,0.0,0.0,0.0,0.0,0.0,0.0,0.0,0.0,0.0,0.5333333333333333,0.0,0.4666666666666667,0.0,0.0,0.0,0.0,0.0,0.0,0.0,0.0,0.0,0.0,0.0,0.0,0.0,1.0,0.0,0.0,0.0,0.0,0.0,0.0,0.0,0.6333333333333333,0.0,0.0,0.0,0.0,0.0,0.0,0.0,0.36666666666666664,68.11975882350562,0.0,0.02343587753125255,0.01856660142178569,0.8823018096933364,0.04380785996566233,4.930234841056279,5.627084435334702,0.0,0.057330427164541876,0.025372121071920314,0.10701000012292944,1.2994220920787207,0.0,1.64124690519628,0.0,84.61625792111599,0.8937124315090866,0.0,0.0,5.261637394879051,0.0,0.0,0.06193803461305698,0.0,0.023728129512278703,0.15470635277018974,0.0,0.0,0.0,0.0,1.3826550776675228,112.84975240522189,0.0,0.39984363500988956,0.0137099046477401,0.0,0.035511790235251195,0.015447219598324248,0.0,0.014144328783919389,0.0,0.006158636605752703,0.0,0.19407821979929954,0.00578040444265907,0.0,0.15325996507210135,99.0905221378096,0.21217542882860496,2.589799604046304,0.020631823874736145,7.748748082818162,0.9512243035593253,0.07867360744413934,0.7044170649985939,0.0,0.0,0.0,2.108215094060992,1.0272668423975175,0.013168330756313892,0.9385922238726732,0.0,104.36273794885744,0.4432356178279693,1.9600570693403825,0.0,0.0,0.0,0.008564373010138855,0.010617314649881167,0.26687977852191314,0.22975877984465642,0.0,0.1714077008038736,4.00543390930539,0.0,3.589839529952872,0.013726340178127378,66.69218447763852,0.4193547059286644,0.016692290900061947,0.0,0.004566521453763089,0.509189545409975,0.0,0.11846402804111211,0.0408123837715864,0.0,0.004938215716783739,0.0,0.0,0.06004433888639227,0.0,0.3623041424585436,78.0619291801348,0.0,0.053955757821886385,0.1301253775870765,5.750378043311117,0.0,0.18753706907742326,0.044503692382468665,0.0,3.377192512716345,0.014806865426988367,0.04901279269991177,31.273927514770197,0.0,0.009054830076053177,0.8139684281401535,84.60806763736527,0.07965276119321012,0.4320905612187111,0.8093683237980017,0.0023000521710758452,0.01341794467431316,0.007858998422694502,5.2735871182760325,0.0,0.0,0.010914000614475946,0.7509523731125611,0.0,0.013836859942277863,0.0,0.0250178599163837,84.31374019389686,15.627049634644532,0.0,0.0,3.7602772297018796,0.0,0.005457000307237973,0.0311267317218983,0.0,6.176211488936978,0.0,0.0420673312586024,0.0021544980571481342,0.41458989183741424,0.016420558692011412,14.393159049403835,83.8784400603246,0.004134355839464284,0.03209268930572561,0.6694431713605994,4.018644346629379,0.0,0.0043471840788321175,0.018137559338540228,0.28914426265957416,0.1663016493003996,0.0,0.21391436297771804,2.57903270632945,0.0,4.271882090061281,0.0,63.20531503766581,0.0,0.04734041630260366,0.749662026894755,0.0,0.0,0.0,0.0,0.0,0.0,0.0,0.0,0.0,0.0,0.0,0.0,87.51749649884705,0.0,0.0,0.0,0.0,0.0,6.897404728223396,0.0,0.0041074159174941715,0.4230006959900505,0.20524293551079645,0.22373282667357763,1.2542963144768482,2.210788483549258,0.0,0.0,75.29293723675568,0.9199718444934004,11.382011932618326,0.0,0.13414400424354397,0.0,0.0,0.004840865018152046,0.0,0.0284397580746261,0.0,0.0,0.0,0.0,0.1641142922709852,0.3502912773201377,118.09086556857395,0.0,0.5739264942338335,0.0,0.03364867782987284,5.325709892716224,3.4269517667447325,0.0,7.991160331841963,3.5368943745272574,0.0,0.004720385222465761,0.0,0.0015734617408219198,2.139524358388458,0.6581480393365652,32.39688734479623
29,0.2,0.5,1.3,0.95,1.6,72.18807499831195,89.54361447912733,126.74066557494719,142.17267649218874,106.94425143945293,75.09565639056825,100.45204423549369,100.78127519624312,103.82662698812662,102.8258438547975,71.49460921660616,86.8829483699612,75.06826285997364,123.10341748373493,61.8747682987883,1.0,0.0,0.0,0.0,0.0,0.0,0.0,0.0,0.0,0.0,0.0,0.0,0.0,0.0,0.0,0.0,1.0,0.0,0.0,0.0,0.0,0.0,0.0,0.0,0.0,0.0,0.0,0.0,0.0,0.0,0.0,0.0,1.0,0.0,0.0,0.0,0.0,0.0,0.0,0.0,0.0,0.0,0.0,0.0,0.0,0.0,0.0,0.0,0.9,0.0,0.0,0.0,0.1,0.0,0.0,0.0,0.0,0.0,0.0,0.0,0.0,0.0,0.0,0.0,0.9666666666666667,0.0,0.0,0.0,0.0,0.0,0.03333333333333333,0.0,0.0,0.0,0.0,0.0,0.0,0.0,0.0,0.0,1.0,0.0,0.0,0.0,0.0,0.0,0.0,0.0,0.0,0.0,0.0,0.0,0.0,0.0,0.0,0.0,0.9333333333333333,0.0,0.0,0.0,0.03333333333333333,0.0,0.0,0.0,0.03333333333333333,0.0,0.0,0.0,0.03333333333333333,0.0,0.0,0.0,0.9666666666666667,0.0,0.0,0.0,0.0,0.0,0.0,0.0,0.0,0.0,0.0,0.0,0.0,0.0,0.0,0.0,0.9333333333333333,0.06666666666666667,0.0,0.0,0.0,0.0,0.0,0.0,0.0,0.0,0.0,0.0,0.0,0.0,0.0,0.03333333333333333,0.9666666666666667,0.0,0.0,0.0,0.0,0.0,0.0,0.0,0.0,0.0,0.0,0.0,0.06666666666666667,0.0,0.0,0.0,0.9333333333333333,0.0,0.0,0.0,0.0,0.0,0.0,0.0,0.0,0.0,0.0,0.0,0.0,0.0,0.0,0.0,1.0,0.0,0.0,0.0,0.0,0.0,0.0,0.0,0.0,0.0,0.0,0.0,0.0,0.0,0.0,0.0,0.6333333333333333,0.0,0.36666666666666664,0.0,0.0,0.0,0.0,0.0,0.0,0.0,0.0,0.0,0.0,0.0,0.0,0.0,1.0,0.0,0.0,0.0,0.0,0.0,0.0,0.0,0.03333333333333333,0.0,0.0,0.0,0.0,0.0,0.0,0.0,0.9666666666666667,68.01573995543916,0.0,0.01860770770554519,0.014737270309504918,0.7002324893915658,0.0347794022581791,3.911171352995203,4.468896837780986,0.0,0.04552240402426569,0.020129376966453855,0.08496995660828857,1.0302359922348177,0.0,1.3026634972600044,0.0,84.974361335693,0.7160696399218499,0.0,0.0,4.215774250062326,0.0,0.0,0.04963022957223178,0.0,0.0190138738737229,0.12395567207111297,0.0,0.0,0.0,0.0,1.102622698769266,114.42689304187121,0.0,0.31877445055398135,0.010933546305886058,0.0,0.02832280377323375,0.012320318893284376,0.0,0.011279365706148485,0.0,0.004911499469868299,0.0,0.15478116108958986,0.004996738427571754,0.0,0.13121672153768885,109.4252801949933,0.18232375623421687,2.2351533135869146,0.01765990551420569,10.307739663946546,0.8186279291039038,0.06804231823082312,0.6078472030293556,0.0,0.0,0.0,1.8128046869935304,0.8125782376166021,0.010402807908442158,0.7425929664755944,0.0,102.67516045683236,0.35046590425972074,1.5506565301058446,0.0,0.0,0.0,0.9561334469586605,0.008388938924336764,0.21118469299596715,0.1816421983304457,0.0,0.13580252888781727,3.1692929891018076,0.0,2.840723859046897,0.010874816854373678,67.27630865800842,0.33197994356263605,0.013230859258031217,0.0,0.0036189400851080983,0.4031356462506064,0.0,0.09380094137165457,0.0323262623501285,0.0,0.004133940473900085,0.0,0.0,0.05043621086887286,0.0,0.30440847106385965,82.90201622274738,0.0,0.04533690927097549,0.1092644992105307,5.6771586606199556,0.0,0.15738124338960158,0.03725935447612283,0.8460232716277996,2.5547864386519197,0.011143784919630771,0.03681965643946435,24.49671334554263,0.0,0.006785141237882421,0.6135482694706461,82.6671882833593,0.05979339946849014,0.3248199853238616,0.6101005839081213,0.0017238427812624466,0.010038453105367787,0.00588114794331512,3.984071878542721,0.0,0.0,0.008693156808191176,0.5981610260597968,0.0,0.011022284678270404,0.0,0.019927022767584044,85.88095028283075,14.277466128613163,0.0,0.0,2.994938208264992,0.0,0.004346578404095588,0.024979174041793107,0.0,4.955122021554564,0.0,0.033751317986009666,0.0017289260356777962,0.33266124834599736,0.0131763150851378,12.436395645744636,86.14389303833133,0.003317861411372928,0.025752491358971515,0.536910695182215,3.2230565788179053,0.0,0.0034676854736135003,0.014468792642866142,0.23055719309626937,0.13262140774963635,0.0,0.1705852241228176,3.29134464836856,0.0,3.406537411667321,0.0,63.03175069297109,0.0,0.03775313412290748,0.5977805482113826,0.0,0.0,0.0,0.0,0.0,0.0,0.0,0.0,0.0,0.0,0.0,0.0,86.35174254781674,0.0,0.0,0.0,0.0,0.0,5.291586994086472,0.0,0.003140641414664507,0.32296876403761016,0.15688757680806475,0.1709387172703699,0.9622923566643519,1.6945742436696354,0.0,0.0,67.76335888224916,0.7059436338208189,16.735556335303322,0.0,0.1065795651816297,0.0,0.0,0.0038456214120335674,0.0,0.022593627282754936,0.0,0.0,0.0,0.0,0.13037248469043314,0.2783216564293895,117.61761630015069,0.0,0.4768477943888987,0.0,0.02776397053966838,4.459260672707419,2.861405383863049,0.0,7.166782405381726,2.9371121880912527,0.0,0.0038997923981128075,0.0,0.0012999307993709361,1.7946849562470246,0.54716895472344,36.87977838465656
30,0.2,0.5,1.3,0.95,1.6,78.94256724896186,84.17243662309359,124.9425025467239,140.95240889958484,104.67629413671989,80.91957528858096,94.83462386422026,99.13896429760987,103.28313274894447,104.36529939778036,71.11385484691047,85.73363298651262,80.13075075276885,121.49195008385206,60.66634640826847,0.8666666666666667,0.0,0.0,0.0,0.0,0.0,0.0,0.0,0.06666666666666667,0.06666666666666667,0.0,0.0,0.0,0.0,0.0,0.0,0.6666666666666666,0.0,0.0,0.0,0.3333333333333333,0.0,0.0,0.0,0.0,0.0,0.0,0.0,0.0,0.0,0.0,0.0,1.0,0.0,0.0,0.0,0.0,0.0,0.0,0.0,0.0,0.0,0.0,0.0,0.0,0.0,0.0,0.0,0.9,0.0,0.0,0.0,0.03333333333333333,0.0,0.0,0.0,0.0,0.03333333333333333,0.0,0.03333333333333333,0.0,0.0,0.0,0.0,0.9666666666666667,0.0,0.0,0.0,0.0,0.0,0.0,0.0,0.0,0.0,0.03333333333333333,0.0,0.06666666666666667,0.0,0.0,0.0,0.9333333333333333,0.0,0.0,0.0,0.0,0.0,0.0,0.0,0.0,0.0,0.3333333333333333,0.0,0.0,0.0,0.0,0.0,0.6666666666666666,0.0,0.0,0.0,0.0,0.0,0.0,0.0,0.0,0.03333333333333333,0.0,0.0,0.06666666666666667,0.0,0.0,0.0,0.9,0.0,0.0,0.0,0.0,0.0,0.0,0.0,0.0,0.0,0.0,0.0,0.0,0.0,0.0,0.0,0.9333333333333333,0.06666666666666667,0.0,0.0,0.0,0.0,0.0,0.0,0.0,0.0,0.0,0.0,0.0,0.0,0.0,0.03333333333333333,0.9666666666666667,0.0,0.0,0.0,0.0,0.0,0.0,0.0,0.0,0.0,0.0,0.0,0.0,0.0,0.0,0.0,1.0,0.0,0.0,0.0,0.0,0.0,0.0,0.0,0.0,0.0,0.0,0.0,0.0,0.0,0.0,0.0,1.0,0.0,0.0,0.0,0.0,0.0,0.0,0.0,0.0,0.0,0.0,0.0,0.0,0.0,0.0,0.0,0.9333333333333333,0.0,0.06666666666666667,0.0,0.0,0.0,0.0,0.0,0.0,0.0,0.0,0.0,0.0,0.0,0.0,0.0,1.0,0.0,0.0,0.0,0.0,0.0,0.0,0.0,0.0,0.0,0.0,0.0,0.0,0.0,0.5,0.0,0.5,66.00924038288574,0.0,0.014814860674793673,0.011731145735764937,0.5573493557962532,0.02768854887562186,3.1122395365428903,3.5585442382946426,1.2512599666374071,1.2875049606512672,0.016018376638368307,0.0676532855953722,0.8194846259086925,0.0,1.0369045386884226,0.0,79.2311342038107,0.5721343626553446,0.0,0.0,11.128825681596414,0.0,0.0,0.039651837284399916,0.0,0.015190521645031697,0.09903951945571536,0.0,0.0,0.0,0.0,0.8784178823254207,115.26787558369743,0.0,0.25386287160683135,0.008710703008908484,0.0,0.02256718804854183,0.009816884355372568,0.0,0.008985550736219412,0.0,0.003913002347542666,0.0,0.12331891470018475,0.004041962087714727,0.0,0.10600368932591092,112.76612405534243,0.1473650126632243,1.8076683478540578,0.014266090832334566,9.560425087155803,0.661801827677482,0.055044643412415876,0.49158129550210444,0.0,1.2321631962656359,0.0,2.6975147134940745,0.6444961015308754,0.008242770418439585,0.58908315831099,0.0,101.07985579532759,0.27788785465636634,1.2300440231382679,0.0,0.0,0.0,0.7582862233944426,0.006647915521287021,0.16754991148240306,0.1440089218151294,0.9268501791419255,0.10820286580342486,3.82546210019036,0.0,2.2622448167733893,0.008664599882197428,66.89866602887389,0.26442144974473597,0.010543887014491249,0.0,0.0028837795476271376,0.3211097270117975,0.0,0.07471883122137975,0.025753630376835465,0.0,8.709210030484785,0.0,0.0,0.041122005574437195,0.0,0.24821674940791946,80.30495325399002,0.0,0.03696900778972888,0.08907446800124524,4.628167595440999,0.0,0.12827220203654507,0.03034084365146701,0.6889312001853843,2.9121014631103446,0.008890365326018227,0.02937170454212696,21.292766528613885,0.0,0.005411990456066086,0.48951617407247006,83.1920230980205,0.047696635393472346,0.2591230956660617,0.4867661936121228,0.0013749902301736464,0.008006303892996775,0.004690647061585209,3.1790051647343773,0.0,0.0,0.006918028147644005,0.47603366764358956,0.0,0.008772543166996874,0.0,0.01585790016821421,86.75760846662794,13.161979458508855,0.0,0.0,2.383206936598284,0.0,0.0034590140738220026,0.020072997212091413,0.0,3.980409944730181,0.0,0.027113377144368362,0.001389281324092815,0.2672692903379313,0.010587003443147065,10.880820434950468,88.08910581840436,0.00266624919454398,0.020692286427961067,0.4310916424200724,2.5878285673266137,0.0,0.002786253591738114,0.011624667281025437,0.1853579558894027,0.10660231669459551,0.0,0.13712538539188576,2.646280518831408,0.0,2.7384257060012303,0.0,64.2612891098063,0.0,0.030345914024797884,0.4805693442458884,0.0,0.0,0.0,0.0,0.0,0.0,0.0,0.0,0.0,0.0,0.0,0.0,85.30952091354789,0.0,0.0,0.0,0.0,0.0,4.043232710340029,0.0,0.002390523640245014,0.24541817004019642,0.11937515017943462,0.12999409520060987,0.7352879782984374,1.293480043243235,0.0,0.0,64.89976674276507,0.5395378940770673,14.009634211981059,0.0,0.0848706298130859,0.0,0.0,0.003062034379958039,0.0,0.01799039296313021,0.0,0.0,0.0,0.0,0.10380702966677356,0.22163615837397002,117.08603528895952,0.0,0.4086211883266233,0.0,0.02350654448150088,3.8719903592782092,2.4728365623506985,0.0,6.244473979659107,2.5146277963353683,0.0,0.0033091264167491178,0.0,0.0011030421389163726,9.606801281502925,0.46939094240941454,37.876934467340675
31,0.2,0.5,1.3,0.95,1.6,73.32643358701638,81.66128356231442,123.229928124826,126.68201986551647,102.22179771751017,82.00795447847872,101.69264031042127,107.56407958886857,103.1900682313067,103.3279514195155,70.22416916363669,84.51721241048082,89.32670045821524,119.79989765525602,60.58931364578746,0.5333333333333333,0.0,0.0,0.0,0.0,0.0,0.4666666666666667,0.0,0.0,0.0,0.0,0.0,0.0,0.0,0.0,0.0,1.0,0.0,0.0,0.0,0.0,0.0,0.0,0.0,0.0,0.0,0.0,0.0,0.0,0.0,0.0,0.0,1.0,0.0,0.0,0.0,0.0,0.0,0.0,0.0,0.0,0.0,0.0,0.0,0.0,0.0,0.0,0.0,0.5333333333333333,0.0,0.0,0.0,0.26666666666666666,0.0,0.0,0.0,0.0,0.2,0.0,0.0,0.0,0.0,0.0,0.0,0.9666666666666667,0.0,0.0,0.0,0.0,0.0,0.0,0.0,0.0,0.0,0.03333333333333333,0.0,0.0,0.0,0.0,0.0,1.0,0.0,0.0,0.0,0.0,0.0,0.0,0.0,0.0,0.0,0.0,0.0,0.0,0.0,0.0,0.0,1.0,0.0,0.0,0.0,0.0,0.0,0.0,0.0,0.0,0.0,0.0,0.0,0.0,0.0,0.0,0.0,1.0,0.0,0.0,0.0,0.0,0.0,0.0,0.0,0.0,0.0,0.0,0.0,0.0,0.0,0.0,0.0,1.0,0.0,0.0,0.0,0.0,0.0,0.0,0.0,0.0,0.0,0.0,0.0,0.0,0.0,0.0,0.03333333333333333,0.9666666666666667,0.0,0.0,0.0,0.0,0.0,0.0,0.0,0.0,0.0,0.0,0.0,0.0,0.0,0.0,0.0,1.0,0.0,0.0,0.0,0.0,0.0,0.0,0.0,0.0,0.0,0.0,0.0,0.0,0.0,0.0,0.0,1.0,0.0,0.0,0.0,0.0,0.0,0.0,0.0,0.0,0.0,0.0,0.0,0.0,0.0,0.0,0.0,0.9666666666666667,0.0,0.03333333333333333,0.0,0.0,0.0,0.0,0.0,0.0,0.0,0.0,0.0,0.0,0.0,0.0,0.0,1.0,0.0,0.0,0.0,0.0,0.0,0.0,0.0,0.0,0.0,0.0,0.0,0.0,0.0,0.1,0.0,0.9,63.18490818914786,0.0,0.01232344664831097,0.009772916947698414,0.4646387495947318,0.02304344330698848,12.178580816570692,2.956437637804893,1.0492234671530956,1.0793630793490674,0.013377650298735234,0.05625657672651681,0.6866973462559823,0.0,0.8640859749889332,0.0,77.58776752332037,0.44553005718410427,0.0,0.0,8.652657419429778,0.0,0.0,0.030837786336941876,0.0,0.011805039739419768,0.07712112512836827,0.0,0.0,0.0,0.0,0.6980368776176832,115.38842791302167,0.0,0.2016139238316361,0.006922441679098027,0.0,0.017937529778281707,0.007803255470105271,0.0,0.007140012431876618,0.0,0.0031097280743170993,0.0,0.09800926584827489,0.003221815743852421,0.0,0.08453124747062232,104.19586580313056,0.11749486028021516,1.4409802751834841,0.011376436747051633,17.396403286716737,0.5276219965185701,0.04387464337854602,0.39186643969972057,0.0,8.312261439088271,0.0,2.151033315010362,0.5108590589113071,0.00652657176357066,0.46701833878053806,0.0,99.34445433798666,0.22019532983912013,0.9751143221217456,0.0,0.0,0.0,0.600994023361325,0.005264510493303924,0.13285017890150594,0.11409654770233607,1.6417302493650565,0.0897301585567088,3.186063414728154,0.0,1.8843422235689335,0.007185982134529054,71.04778997683798,0.21992290276501666,0.008729423673715047,0.0,0.0023890594356595313,0.26697796810311347,0.0,0.062097251860722624,0.021377487492889615,0.0,6.780872772238702,0.0,0.0,0.031939539272011645,0.0,0.19276087032196917,80.42921938348294,0.0,0.028708303484192028,0.06919869400688484,3.5954036198363655,0.0,0.09968395731762703,0.023611653785323275,0.5361332002935443,2.3150152471354173,0.007065301694497754,0.02333727611375589,16.926479125433907,0.0,0.00429887351457601,0.38909324341125784,84.96078453048558,0.03789421150701423,0.20590206964672897,0.3869088218104757,0.0010922108003910672,0.006358441271729741,0.003725326036060403,2.527480652168821,0.0,0.0,0.005526740495472301,0.3803017494029735,0.0,0.0070085029478176575,0.0,0.012668698997032735,88.93428146004676,10.515070230841715,0.0,0.0,1.9038832451836751,0.0,0.0027633702477361504,0.016205641404392682,0.0,3.211117388535504,0.0,0.02187516729277197,0.001121509481178364,0.21568811210699568,0.008545067845100092,9.681996407600055,90.24569113997241,0.002152641149194219,0.016702116220520154,0.347440341520841,2.0856728803578535,0.0,0.0022262692067824964,0.009288525386583275,0.14808036630635057,0.08516776842350982,0.0,0.10955189437189579,2.1140424335292485,0.0,2.1877606209951908,0.0,64.84850774406362,0.0,0.024244346313892162,0.38392593573240474,0.0,0.0,0.0,0.0,0.0,0.0,0.0,0.0,0.0,0.0,0.0,0.0,84.17831363624094,0.0,0.0,0.0,0.0,0.0,3.3263160214410266,0.0,0.001971302629146005,0.20258873842200364,0.09846141110523741,0.1072567876482643,0.6049055190519396,1.0647976964319774,0.0,0.0,68.27675788320192,0.4438024412088922,12.266908714343703,0.0,0.06750014466073709,0.0,0.0,0.002435041961949841,0.0,0.014307088006129336,0.0,0.0,0.0,0.0,0.08255049729138761,0.17627908996935893,116.25209706978337,0.0,0.3243592315285142,0.0,0.018684125685838115,3.069115536194035,1.9610931486556904,0.0,4.947798957432133,1.9962814227761254,0.0,0.002629603309666215,0.0,0.0008765344365554047,9.196002006112568,0.37255311001405395,40.4021337003782
32,0.2,0.5,1.3,0.95,1.6,76.48480330238705,80.09727065039772,121.65707002081773,116.91499737617322,99.78422882739224,81.57016157921511,99.04168126595792,115.6076804792229,103.11680599692536,101.46823966490172,69.41361553683288,83.33836954552744,90.59246133715872,118.15867686683877,62.621395570141964,1.0,0.0,0.0,0.0,0.0,0.0,0.0,0.0,0.0,0.0,0.0,0.0,0.0,0.0,0.0,0.0,1.0,0.0,0.0,0.0,0.0,0.0,0.0,0.0,0.0,0.0,0.0,0.0,0.0,0.0,0.0,0.0,1.0,0.0,0.0,0.0,0.0,0.0,0.0,0.0,0.0,0.0,0.0,0.0,0.0,0.0,0.0,0.0,0.7666666666666667,0.0,0.0,0.0,0.23333333333333334,0.0,0.0,0.0,0.0,0.0,0.0,0.0,0.0,0.0,0.0,0.0,0.9666666666666667,0.0,0.0,0.0,0.0,0.0,0.0,0.0,0.0,0.0,0.03333333333333333,0.0,0.0,0.0,0.0,0.0,1.0,0.0,0.0,0.0,0.0,0.0,0.0,0.0,0.0,0.0,0.2,0.0,0.0,0.0,0.0,0.0,0.8,0.0,0.0,0.0,0.0,0.0,0.0,0.0,0.0,0.0,0.0,0.0,0.03333333333333333,0.0,0.0,0.0,0.9666666666666667,0.0,0.0,0.0,0.0,0.0,0.0,0.0,0.0,0.0,0.0,0.0,0.0,0.0,0.0,0.0,1.0,0.0,0.0,0.0,0.0,0.0,0.0,0.0,0.0,0.0,0.0,0.0,0.0,0.0,0.0,0.03333333333333333,0.9666666666666667,0.0,0.0,0.0,0.0,0.0,0.0,0.0,0.0,0.0,0.0,0.0,0.0,0.0,0.0,0.0,1.0,0.0,0.0,0.0,0.0,0.0,0.0,0.0,0.0,0.0,0.0,0.0,0.0,0.0,0.0,0.0,1.0,0.0,0.0,0.0,0.0,0.0,0.0,0.0,0.0,0.0,0.0,0.0,0.0,0.0,0.0,0.0,0.9333333333333333,0.0,0.06666666666666667,0.0,0.0,0.0,0.0,0.0,0.0,0.0,0.0,0.0,0.0,0.0,0.0,0.0,1.0,0.0,0.0,0.0,0.0,0.0,0.0,0.0,0.0,0.0,0.0,0.0,0.0,0.0,0.03333333333333333,0.0,0.9666666666666667,62.80899355832247,0.0,0.009570072639609177,0.007580802367162744,0.36022670476917756,0.017888308398079488,9.417639714632205,2.2980523571201092,0.8098615750683491,0.8332731502553818,0.01035748668268401,0.043698872720667435,0.5303127627905323,0.0,0.6701099471428087,0.0,76.8176674054816,0.35231882187977526,0.0,0.0,6.837710698459155,0.0,0.0,0.024372324036968467,0.0,0.009326924785032496,0.060985417169188066,0.0,0.0,0.0,0.0,0.5553918439720195,115.2682736013756,0.0,0.1603364213811526,0.005508128725028196,0.0,0.014274868095864422,0.006210108203459403,0.0,0.005680693195749727,0.0,0.002474413453152301,0.0,0.07798975439164677,0.002427515171353282,0.0,0.06415904156444782,97.42357779905382,0.0889296981035349,1.0870327511789857,0.008636359364930032,20.907207545044827,0.3988878219682289,0.03304502907632967,0.29565213586176675,0.0,6.325853785500062,0.0,1.6318068935409966,0.404845688913253,0.005166409309559111,0.37017012204643496,0.0,97.49746841694699,0.17444140038776806,0.7728581465793293,0.0,0.0,0.0,0.47622624003076997,0.004167968080675747,0.10531546047219072,0.0903767410778955,2.186655020876113,0.07238796479600597,2.5728096521268977,0.0,1.5216833219991877,0.005797259140790642,72.93924293775478,0.1775367578739504,0.0070396391669937846,0.0,0.0019268846775039204,0.21550570005856345,0.0,0.05012044161504993,0.017249635993103703,0.0,10.915346001508048,0.0,0.0,0.026592586690424632,0.0,0.16052411508541747,82.34626153025032,0.0,0.023908548409080566,0.05759813928274641,2.992722087740843,0.0,0.08293479766381738,0.019607534529684667,0.4452171106841298,1.9270452074553135,0.00589265196839329,0.019488852066570805,15.024588729370514,0.0,0.003596260944366927,0.3241657273551278,90.59524448117267,0.031661410969663156,0.17186587766482658,0.3223385686788968,0.0009135793381154985,0.0053251748631129615,0.003119377100614232,2.1024281440764336,0.0,0.0,0.00442882037532587,0.30474921643013153,0.0,0.005616018735477301,0.0,0.010151997605967534,90.87184018486607,8.426089566118298,0.0,0.0,1.5257001967226842,0.0,0.002214410187662935,0.012925000784979363,0.0,2.56170505585316,0.0,0.017450633111478178,0.0008945014639415232,0.17204796229408015,0.006815803470587999,8.619467661016387,90.96751075613452,0.0017168421095304675,0.013321900633314787,0.2772634199215795,1.6644030750458343,0.0,0.001774524230606612,0.007404205694485575,0.11797514655712318,0.06786331825370336,0.0,0.08728910423373358,1.684153184260148,0.0,1.7431325728553828,0.0,65.00486069517477,0.0,0.019318578577102816,0.305883348234627,0.0,0.0,0.0,0.0,0.0,0.0,0.0,0.0,0.0,0.0,0.0,0.0,83.069673233651,0.0,0.0,0.0,0.0,0.0,2.7947886878113923,0.0,0.0016628905472188288,0.1711891913340874,0.08308648916934464,0.09056049145809802,0.5082356270175009,0.895596029406426,0.0,0.0,73.55558434314182,0.3727880825539621,11.926794764461441,0.0,0.05371031933050788,0.0,0.0,0.001937369410256942,0.0,0.011383357497678695,0.0,0.0,0.0,0.0,0.0656783881630609,0.140270311068701,115.30757921811237,0.0,0.2598296786907445,0.0,0.014963636134007061,2.4591334394940065,1.5711912714673684,0.0,3.9646838741665307,1.5991051335735098,0.0,0.002106069771422984,0.0,0.0007020232571409946,7.8927594888546535,0.2984416916764178,43.49895136226647
33,0.2,0.5,1.3,0.95,1.6,77.64988051821764,80.33916453102928,120.15459485641095,111.9510052793029,97.52453651368663,79.69315490344209,97.69704116274443,118.89408867254912,103.15128198702907,99.44691625189095,67.684943539922,83.46909418178731,99.28455839602243,116.64955777986125,59.6734321163336,0.9333333333333333,0.0,0.0,0.0,0.0,0.0,0.06666666666666667,0.0,0.0,0.0,0.0,0.0,0.0,0.0,0.0,0.0,1.0,0.0,0.0,0.0,0.0,0.0,0.0,0.0,0.0,0.0,0.0,0.0,0.0,0.0,0.0,0.0,1.0,0.0,0.0,0.0,0.0,0.0,0.0,0.0,0.0,0.0,0.0,0.0,0.0,0.0,0.0,0.0,0.9333333333333333,0.0,0.0,0.0,0.06666666666666667,0.0,0.0,0.0,0.0,0.0,0.0,0.0,0.0,0.0,0.0,0.0,0.9666666666666667,0.0,0.0,0.0,0.0,0.0,0.0,0.0,0.0,0.0,0.03333333333333333,0.0,0.06666666666666667,0.0,0.0,0.0,0.9333333333333333,0.0,0.0,0.0,0.0,0.0,0.0,0.0,0.0,0.0,0.06666666666666667,0.0,0.0,0.0,0.0,0.0,0.9333333333333333,0.0,0.0,0.0,0.0,0.0,0.0,0.0,0.0,0.0,0.0,0.0,0.0,0.0,0.0,0.0,1.0,0.0,0.0,0.0,0.0,0.0,0.0,0.0,0.0,0.0,0.0,0.0,0.0,0.0,0.0,0.0,1.0,0.0,0.0,0.0,0.0,0.0,0.0,0.0,0.0,0.0,0.0,0.0,0.0,0.0,0.0,0.03333333333333333,0.9666666666666667,0.0,0.0,0.0,0.0,0.0,0.0,0.0,0.0,0.0,0.0,0.0,0.0,0.0,0.0,0.0,0.9333333333333333,0.06666666666666667,0.0,0.0,0.0,0.0,0.0,0.0,0.0,0.0,0.0,0.0,0.0,0.0,0.0,0.0,1.0,0.0,0.0,0.0,0.0,0.0,0.0,0.0,0.0,0.0,0.0,0.0,0.0,0.0,0.0,0.0,0.7666666666666667,0.0,0.23333333333333334,0.0,0.0,0.0,0.0,0.0,0.0,0.0,0.0,0.0,0.0,0.0,0.0,0.0,1.0,0.0,0.0,0.0,0.0,0.0,0.0,0.0,0.0,0.0,0.0,0.0,0.0,0.0,0.8,0.0,0.2,65.01745065485102,0.0,0.007816393269564645,0.006196566459785539,0.29455972876039643,0.01461414237212162,9.040477940730728,1.8757079050640284,0.664283080197992,0.6834011832209069,0.008477398449822801,0.03568466502280578,0.4348278460269277,0.0,0.5478395505473822,0.0,76.30172981039986,0.2802907345442728,0.0,0.0,5.438001569153837,0.0,0.0,0.019384340528213348,0.0,0.007416915421438346,0.04851721841396214,0.0,0.0,0.0,0.0,0.4427627615167432,115.0388827032227,0.0,0.1277817571248271,0.0043912776185462184,0.0,0.011381527745645654,0.004951497382290529,0.0,0.004528567467302233,0.0,0.001972705932382853,0.0,0.06217859044418766,0.0018632321139813513,0.0,0.04950615270062486,95.84351471304225,0.06848188418344327,0.8350791071262349,0.006664877816976538,18.168930873895317,0.30691539264603984,0.025356451683156495,0.22714769378610944,0.0,4.890470612016447,0.0,1.258672811566834,0.32117873902906213,0.004094609257081186,0.2937170933177597,0.0,95.66625765188502,0.13834882267928644,0.6132067779565581,0.0,0.0,0.0,0.37777233417704226,0.00330372716973917,0.0835749004393632,0.07166900053761913,2.599098704716652,0.057946811714186065,3.4735763740948,0.0,1.2182041625131523,0.004640732544408689,72.85603309171358,0.14212586727757565,0.005635096820426408,0.0,0.0015424513976012798,0.17252062719381023,0.0,0.04012306534602,0.013808618804339298,0.0,10.363196307648662,0.0,0.0,0.021045783428297393,0.0,0.12703429382635478,82.76122497355996,0.0,0.018920274813490293,0.04558744882291091,2.368650831750948,0.0,0.0656487769012476,0.015528520783115252,0.3525967153783361,1.6015056283680442,0.004905947201765234,0.01624459343878198,12.490029073748493,0.0,0.003002409728039864,0.2696185238009258,97.37992240002512,0.026403146692092663,0.14319313623052185,0.26809326628630675,0.0007626287573095144,0.004450378663761761,0.002606503710535639,1.7461291504452143,0.0,0.0,0.003553862158202503,0.24453812017125987,0.0,0.004506222520054798,0.0,0.008146384722078636,92.50859890472825,6.761286725069458,0.0,0.0,1.2243331997595772,0.0,0.0017769310791012514,0.010277860108910603,0.0,2.0380582299353693,0.0,0.013882657373701777,0.000711345291346495,0.13684805182030588,0.005420794609250088,7.7368401880672435,90.99810435609595,0.001365184356478714,0.010594939628193661,0.22072738570010964,1.3250190410790523,0.0,0.0014165821068509081,0.005910911267146393,0.09415123990311554,0.05416389898035824,0.0,0.06966638604940643,1.3440093760804332,0.0,1.3911951510044729,0.0,64.18558819102134,1.2031693359717701,0.015418881169461985,0.2441183263086745,0.0,0.0,0.0,0.0,0.0,0.0,0.0,0.0,0.0,0.0,0.0,0.0,82.05077417730885,0.0,0.0,0.0,0.0,0.0,2.2568391390735427,0.0,0.0013437981264754534,0.1383837053518638,0.06714739322437038,0.0731953522732592,0.41040748095757373,0.7233506236393823,0.0,0.0,72.65948297942035,0.30101815523551134,15.139098830915115,0.0,0.042801587280461184,0.0,0.0,0.0015437623392629532,0.0,0.009070848495840519,0.0,0.0,0.0,0.0,0.052334510930049816,0.11178320473244446,114.36922376849442,0.0,0.21166217226550899,0.0,0.01215218483560917,2.0099304309479,1.2826620113376905,0.0,3.2432640019693353,1.3023658073825766,0.0,0.0017113457196551965,0.0,0.0005704485732183995,19.46836192990293,0.2431833148965743,37.90265830122937
34,0.2,0.5,1.3,0.95,1.6,77.3643998101854,79.73356459220518,118.65975490496002,109.50882218012084,95.23648497818621,78.3500014196993,96.41042716709019,118.76042630657811,103.12798257975665,97.31861532166567,66.47557429345643,82.8257171603027,97.60782024891333,115.1091653961004,64.6420382174119,1.0,0.0,0.0,0.0,0.0,0.0,0.0,0.0,0.0,0.0,0.0,0.0,0.0,0.0,0.0,0.0,1.0,0.0,0.0,0.0,0.0,0.0,0.0,0.0,0.0,0.0,0.0,0.0,0.0,0.0,0.0,0.0,1.0,0.0,0.0,0.0,0.0,0.0,0.0,0.0,0.0,0.0,0.0,0.0,0.0,0.0,0.0,0.0,1.0,0.0,0.0,0.0,0.0,0.0,0.0,0.0,0.0,0.0,0.0,0.0,0.0,0.0,0.0,0.0,0.9666666666666667,0.0,0.0,0.0,0.0,0.0,0.0,0.0,0.0,0.0,0.03333333333333333,0.0,0.0,0.0,0.0,0.0,1.0,0.0,0.0,0.0,0.0,0.0,0.0,0.0,0.0,0.0,0.0,0.0,0.0,0.0,0.0,0.0,1.0,0.0,0.0,0.0,0.0,0.0,0.0,0.0,0.0,0.0,0.0,0.0,0.0,0.0,0.0,0.0,1.0,0.0,0.0,0.0,0.0,0.0,0.0,0.0,0.0,0.0,0.0,0.0,0.0,0.0,0.0,0.0,1.0,0.0,0.0,0.0,0.0,0.0,0.0,0.0,0.0,0.0,0.0,0.0,0.0,0.0,0.0,0.03333333333333333,0.9666666666666667,0.0,0.0,0.0,0.0,0.0,0.0,0.0,0.0,0.0,0.0,0.0,0.0,0.0,0.0,0.0,1.0,0.0,0.0,0.0,0.0,0.0,0.0,0.0,0.0,0.0,0.0,0.0,0.0,0.0,0.0,0.0,1.0,0.0,0.0,0.0,0.0,0.0,0.0,0.0,0.0,0.0,0.0,0.0,0.0,0.0,0.0,0.0,0.8,0.0,0.2,0.0,0.0,0.0,0.0,0.0,0.0,0.0,0.0,0.0,0.0,0.0,0.0,0.0,1.0,0.0,0.0,0.0,0.0,0.0,0.0,0.0,0.0,0.0,0.0,0.0,0.0,0.0,0.03333333333333333,0.0,0.9666666666666667,67.28052407218132,0.0,0.006306876859697739,0.005001489009859791,0.23778652299105418,0.011793079521749369,7.3035432461272425,1.5130620539610438,0.5369235028058119,0.5523483687640118,0.0068461004594971495,0.02879102302426856,0.35140908118150177,0.0,0.4422120862527161,0.0,76.5320313926624,0.22498879765334948,0.0,0.0,4.365951113262537,0.0,0.0,0.01556234854560405,0.0,0.0059551042402541,0.03894483470238422,0.0,0.0,0.0,0.0,0.35266269768668246,114.49898446682164,0.0,0.10173903213128087,0.0034978281728528593,0.0,0.009066934690554676,0.0039446429810551355,0.0,0.003606899896960421,0.0,0.0015713540086474157,0.0,0.04953009955889562,0.0014592286702787749,0.0,0.03888007265348368,96.50475371921966,0.053725994480803035,0.6543124145990884,0.005234698830911082,14.272157822422344,0.24067835978348132,0.019855456616751612,0.1779869910900163,0.0,3.8446263914417984,0.0,0.9883211864954409,0.25472907460077165,0.0032440780647796487,0.23298855720682077,0.0,93.77188604820795,0.10969077043354739,0.48639681503970594,0.0,0.0,0.0,0.2995847332769849,0.0026178315204163933,0.06630396705543262,0.05681623771998833,2.905910357547111,0.04594719469357367,2.7521512379145534,0.0,0.9649091975769389,0.0036796526091271912,72.87475418113972,0.11261469764255805,0.004469962294904476,0.0,0.0012233370668720664,0.1367097715079121,0.0,0.031797717315947896,0.010946582597731437,0.0,8.253540957765349,0.0,0.0,0.016754524885798577,0.0,0.10112932757652152,84.4641598619363,0.0,0.015061930203070818,0.036293350922179744,1.8857400694262325,0.0,0.05226760775007784,0.01236617010246724,0.2807909323249578,1.3022154366610366,0.003992078151828899,0.013225021941074817,10.157093436317062,0.0,0.0024459367220102685,0.21930462674105142,101.8169794967892,0.02149943938727171,0.11655505215983655,0.21806212494392746,0.0006212508985619824,0.003627066421821033,0.002124158660191507,1.4194293478039364,0.0,0.0,0.0028503838493005684,0.19612916190865104,0.0,0.003614028309150632,0.0,0.006533839144644573,93.7926606125292,5.422809872355366,0.0,0.0,0.9820134222943019,0.0,0.0014251919246502842,0.008156340434453568,0.0,1.618448101230795,0.0,0.011023507238780095,0.0005645596103082301,0.10863970340366963,0.004302836293678972,7.005488031614531,90.5117144841612,0.0010833502955318838,0.008409536711205897,0.17543218521964832,1.053113372032096,0.0,0.0011232928049425583,0.004687838725475363,0.07456947471852153,0.042914917956099356,0.0,0.05519166954858367,1.0643287252531006,0.0,1.1020847791781165,0.0,63.689293124309984,0.9527429750213122,0.012216959292901985,0.19336281032421454,0.0,0.0,0.0,0.0,0.0,0.0,0.0,0.0,0.0,0.0,0.0,0.0,81.70075736878366,0.0,0.0,0.0,0.0,0.0,1.8882443747398125,0.0,0.0011281726278873768,0.11635048679410065,0.05639005583220265,0.061499329126491635,0.34337290871937587,0.6057635329591645,0.0,0.0,76.19008738523222,0.2517981256978648,17.897045163748082,0.0,0.03408924499033097,0.0,0.0,0.0012294155401525765,0.0,0.007223989952221704,0.0,0.0,0.0,0.0,0.04167770141470911,0.08903156661673975,113.28727072062162,0.0,0.16599818836452188,0.0,0.00956275327639779,1.5705597092376449,1.0035806083500658,0.0,2.5318847223221113,1.0216480078461163,0.0,0.0013458426511637111,0.0,0.00044861421705457056,15.756729521073156,0.19066119433509376,40.606667827746975
35,0.2,0.5,1.3,0.95,1.6,76.57203302927124,80.3155279068707,117.27797631163762,107.97868684317244,93.1719812727475,77.27327667498794,96.6700522050646,118.24720302829473,103.21927455680152,95.28633190754643,66.12285767699777,82.02236969767053,103.53252931239751,113.74835355696436,61.821930188468436,0.9333333333333333,0.0,0.0,0.0,0.0,0.0,0.06666666666666667,0.0,0.0,0.0,0.0,0.0,0.0,0.0,0.0,0.0,1.0,0.0,0.0,0.0,0.0,0.0,0.0,0.0,0.0,0.0,0.0,0.0,0.0,0.0,0.0,0.0,1.0,0.0,0.0,0.0,0.0,0.0,0.0,0.0,0.0,0.0,0.0,0.0,0.0,0.0,0.0,0.0,0.9,0.0,0.03333333333333333,0.0,0.06666666666666667,0.0,0.0,0.0,0.0,0.0,0.0,0.0,0.0,0.0,0.0,0.0,0.9666666666666667,0.0,0.0,0.0,0.0,0.0,0.0,0.0,0.0,0.0,0.03333333333333333,0.0,0.06666666666666667,0.0,0.0,0.0,0.9333333333333333,0.0,0.0,0.0,0.0,0.0,0.0,0.0,0.0,0.0,0.03333333333333333,0.0,0.0,0.0,0.0,0.0,0.9333333333333333,0.0,0.0,0.0,0.03333333333333333,0.0,0.0,0.0,0.0,0.0,0.0,0.0,0.06666666666666667,0.0,0.0,0.0,0.9333333333333333,0.0,0.0,0.0,0.0,0.0,0.0,0.0,0.0,0.0,0.0,0.0,0.0,0.0,0.0,0.0,1.0,0.0,0.0,0.0,0.0,0.0,0.0,0.0,0.0,0.0,0.0,0.0,0.0,0.0,0.0,0.03333333333333333,0.9666666666666667,0.0,0.0,0.0,0.0,0.0,0.0,0.0,0.0,0.0,0.0,0.0,0.06666666666666667,0.0,0.0,0.0,0.9333333333333333,0.0,0.0,0.0,0.0,0.0,0.0,0.0,0.0,0.0,0.0,0.0,0.0,0.0,0.0,0.0,1.0,0.0,0.0,0.0,0.0,0.0,0.0,0.0,0.0,0.0,0.0,0.0,0.0,0.0,0.0,0.0,0.9333333333333333,0.0,0.06666666666666667,0.0,0.0,0.0,0.0,0.0,0.0,0.0,0.0,0.0,0.0,0.0,0.0,0.0,1.0,0.0,0.0,0.0,0.0,0.0,0.0,0.0,0.0,0.0,0.0,0.0,0.03333333333333333,0.0,0.4666666666666667,0.0,0.5,67.6766767006169,0.0,0.005056373103384346,0.004010136427344309,0.19066170701807073,0.009455042311021419,7.198207437484215,1.2129764865876382,0.43065039444689623,0.4430166529233437,0.005489858969609017,0.023082015887819017,0.281844487493978,0.0,0.35456649236872767,0.0,76.40642831289931,0.18007454605854858,0.0,0.0,3.494478054504702,0.0,0.0,0.012455938782337361,0.0,0.004766465567866412,0.03117034065622464,0.0,0.0,0.0,0.0,0.2815124054107736,113.96471621750811,0.0,0.08119706973347049,0.002792197260736157,0.0,0.007238263723050251,0.0031491058071750587,0.0,0.0028791511929968333,0.0,0.0012543644216160212,0.0,0.03953914265282943,0.0011589044637657531,0.0,0.030908069588057703,95.42671490653139,0.04269431905107974,1.4688083593790027,0.004161476703776162,13.244771432509111,0.19123025070952457,0.015768179520300296,0.14138074159166367,0.0,3.0573824934401888,0.0,0.7856231720942234,0.20233977921664079,0.0025746530641061137,0.18509654306909074,0.0,91.96288524213747,0.08710824971282906,0.3863995072025362,0.0,0.0,0.0,0.23795097509275198,0.002077867198363541,0.052680690381157684,0.04511462488889448,3.1329230189693824,0.036612080954876024,3.550303441883738,0.0,0.7684993317952885,0.002932027960303486,71.94742654135258,0.08970613843729068,0.003562435758631129,0.0,0.0009748972247632248,0.10890381843265214,0.0,0.025331387732707475,0.008721646751311865,0.0,7.423254828661204,0.0,0.0,0.013370050467843892,0.0,0.08069979809603707,84.5081438863992,0.0,0.012019168942859093,0.028962469991256463,2.3403953698810334,0.0,0.04171128925949537,0.009869774704050052,0.224106752023401,1.0457049045806324,0.003206262682660501,0.010622943797744928,10.215084508850307,0.0,0.0019649864025182108,0.17611933857548243,102.82941515949244,0.017270098907905464,0.09361847756130054,0.1751211641006293,0.0004990872374265384,0.0029141490653787974,0.001706618151402668,1.1397596091244695,0.0,0.0,0.0022901784820482662,0.15757819212178725,0.0,0.0029034707394047675,0.0,0.005249714485507935,94.94766689559732,4.356897541234264,0.0,0.0,0.789057499823615,0.0,0.0011450892410241331,0.006481295331920024,0.0,1.286793712803978,0.0,0.008763962316958713,0.0004486494880440009,0.08635499614583235,0.003419832503427183,6.412920819944668,89.82277961847197,0.0008608405333678859,0.0066835421270800485,0.13958254501961173,0.8379091415381672,0.0,0.0008950375377759376,0.0037355239519985812,0.05938454608899973,0.03418183194231176,0.0,0.04395806627457975,1.9997828519174528,0.0,0.877747088361363,0.0,62.50431347454366,0.7586627300933515,0.009730958364527465,0.1539935288508701,0.0,0.0,0.0,0.0,0.0,0.0,0.0,0.0,0.0,0.0,0.0,0.0,81.12600142922723,0.0,0.0,0.0,0.0,0.0,1.504553476351892,0.0,0.0008986595743743109,0.09266844025917023,0.04491699159650558,0.04898463543242381,0.27359997609416487,0.4826338990958319,0.0,0.0,77.9937455535657,0.20063675207896275,15.946735172267154,0.0,0.02720248777079867,0.0,0.0,0.0009809966923548994,0.0,0.005764375105392454,0.0,0.0,0.0,0.0,0.033256081930363356,0.07104621312152089,112.29083946021137,0.0,0.13834467870022038,0.0,0.007914885578462273,1.3186830658288742,0.8404024690561089,0.0,2.129930386289603,0.8510202485952046,0.0,0.0011153523160981596,0.5602309978842365,0.0003717841053660533,21.025682861500712,0.1589971905820293,40.15696692051992
36,0.2,0.5,1.3,0.95,1.6,75.70209808613777,79.88805760253167,115.85744852495289,106.5666561512026,87.5189139615985,77.10363278298965,95.93809614044696,117.06529736833862,102.40582255882174,93.21152005672113,65.46674737569612,81.07038614345502,104.847457253948,112.33087951071917,66.23854780819484,1.0,0.0,0.0,0.0,0.0,0.0,0.0,0.0,0.0,0.0,0.0,0.0,0.0,0.0,0.0,0.0,1.0,0.0,0.0,0.0,0.0,0.0,0.0,0.0,0.0,0.0,0.0,0.0,0.0,0.0,0.0,0.0,1.0,0.0,0.0,0.0,0.0,0.0,0.0,0.0,0.0,0.0,0.0,0.0,0.0,0.0,0.0,0.0,1.0,0.0,0.0,0.0,0.0,0.0,0.0,0.0,0.0,0.0,0.0,0.0,0.0,0.0,0.0,0.0,0.7666666666666667,0.0,0.0,0.0,0.0,0.0,0.0,0.0,0.0,0.0,0.23333333333333334,0.0,0.0,0.0,0.0,0.0,1.0,0.0,0.0,0.0,0.0,0.0,0.0,0.0,0.0,0.0,0.0,0.0,0.0,0.0,0.0,0.0,1.0,0.0,0.0,0.0,0.0,0.0,0.0,0.0,0.0,0.0,0.0,0.0,0.0,0.0,0.0,0.0,1.0,0.0,0.0,0.0,0.0,0.0,0.0,0.0,0.0,0.0,0.0,0.0,0.0,0.0,0.0,0.0,1.0,0.0,0.0,0.0,0.0,0.0,0.0,0.0,0.0,0.0,0.0,0.0,0.03333333333333333,0.0,0.0,0.0,0.9666666666666667,0.0,0.0,0.0,0.0,0.0,0.0,0.0,0.0,0.0,0.0,0.0,0.0,0.0,0.0,0.0,1.0,0.0,0.0,0.0,0.0,0.0,0.0,0.0,0.0,0.0,0.0,0.0,0.0,0.0,0.0,0.0,1.0,0.0,0.0,0.0,0.0,0.0,0.0,0.0,0.0,0.0,0.0,0.0,0.0,0.0,0.0,0.0,1.0,0.0,0.0,0.0,0.0,0.0,0.0,0.0,0.0,0.0,0.0,0.0,0.0,0.0,0.0,0.0,1.0,0.0,0.0,0.0,0.0,0.0,0.0,0.0,0.0,0.0,0.0,0.0,0.0,0.0,0.03333333333333333,0.0,0.9666666666666667,68.56407416439907,0.0,0.004036887335979369,0.0032013529694721893,0.15220271429766088,0.007548491110864199,5.745202757923294,0.9684727073310662,0.34368074883732214,0.353553842045381,0.004382084657910179,0.018428454697535714,0.22493388397951475,0.0,0.28305136673293385,0.0,76.7734437080169,0.14488244325794283,0.0,0.0,2.812501715368174,0.0,0.0,0.010024459869680126,0.0,0.003836644108664711,0.025078874423919664,0.0,0.0,0.0,0.0,0.22444274137082904,113.17659960759957,0.0,0.06471653479575697,0.002226225381329421,0.0,0.005771629845464332,0.0025110774977237637,0.0,0.0022954116783246363,0.0,0.0010001150961711865,0.0,0.031525831442164844,0.0009229096352952374,0.0,0.02462904625019362,96.5443355571568,0.034013071845381763,1.1700088343224373,0.0033161186114328924,10.554095601155506,0.15233189843736045,0.01255679743830694,0.11260317813455437,0.0,2.4368013492760285,0.0,0.6259966703601485,0.1606475119311359,0.0020422422637599315,0.14697945056394413,0.0,86.56592424860735,0.0691400697252354,0.3068143366318444,0.0,0.0,0.0,0.18890463844203548,0.001648385512940237,0.04183710622734185,0.035804709887373914,8.138861179886943,0.029176448869385186,2.8284329483828707,0.0,0.6121352636648631,0.002336533898247677,72.00291952143266,0.07146521391378502,0.0028394301598757064,0.0,0.0007769859144933463,0.08676244305334971,0.0,0.02018211789027931,0.006949634686163474,0.0,5.963176803546245,0.0,0.0,0.010744348131054267,0.0,0.06485291900071113,86.26117446536482,0.0,0.009659046300069968,0.023273890121317767,1.8805111636326437,0.0,0.03351696028233916,0.007929149904729255,0.18004232761219557,0.8371127740638867,0.00256676869828155,0.008504346075864967,8.177452492158068,0.0,0.001573138729361977,0.14098976673515048,104.78553115683513,0.01382592513359869,0.07494704050278408,0.14019064474180862,0.00039956099667093933,0.002333063257050958,0.0013663121268609477,0.9123961151715019,0.0,0.0,0.0018383193370283266,0.12648481623334237,0.0,0.00233044024107697,0.0,0.004213939453643384,95.82078522799534,3.497187142750977,0.0,0.0,0.6334026439948748,0.0,0.0009191596685141633,0.005143985065721696,0.0,1.0219661356216851,0.0,0.006959741258462686,0.8261709846079733,0.06856189791857316,0.0027148265023354545,5.092432716631334,88.81729915334947,0.0006831963380766958,0.005305491592127924,0.11095035440057222,0.6660310319137942,0.0,0.0007161253106139742,0.002988809825332157,0.04751481682832804,0.027349441919206463,0.0,0.03517162590310009,1.6000744705572965,0.0,0.7023015349338273,0.0,62.57450703858721,0.607023741061768,0.007785895449080567,0.1232132798842051,0.0,0.0,0.0,0.0,0.0,0.0,0.0,0.0,0.0,0.0,0.0,0.0,80.35324390402512,0.0,0.0,0.0,0.0,0.0,1.2418091673049594,0.0,0.0007434276298552811,0.07673696180087702,0.037165708784416863,0.040544737740560846,0.22581806781963204,0.39859501683772697,0.0,0.0,84.21732063971398,0.16557390404721742,13.19902697825101,0.0,0.02168852860786139,0.0,0.0,0.0007820940549339023,0.0,0.004595704144672766,0.0,0.0,0.0,0.0,0.026513098314156453,0.05664609952737293,111.16669467735534,0.0,0.10867550795057555,0.0,0.006236449411535698,1.0325010236039325,0.6587837398450017,0.0,1.6662838444958195,0.6686614839491792,0.0,0.0008783323948130849,0.4396190769556973,0.000292777464937695,17.028295169487546,0.12486495554763107,42.83427632370358
37,0.2,0.5,1.3,0.95,1.6,82.3555864331149,78.18604588464642,107.9393016567539,105.3660301213032,84.90630244975486,78.70950154775029,85.34342881777194,115.83808731145591,101.38690516776656,91.2323521762172,70.6115006145059,89.20122344149571,105.68082473573642,111.03947678955176,66.5242955558175,1.0,0.0,0.0,0.0,0.0,0.0,0.0,0.0,0.0,0.0,0.0,0.0,0.0,0.0,0.0,0.0,0.9333333333333333,0.0,0.0,0.0,0.06666666666666667,0.0,0.0,0.0,0.0,0.0,0.0,0.0,0.0,0.0,0.0,0.0,0.7,0.0,0.0,0.0,0.0,0.0,0.0,0.0,0.0,0.3,0.0,0.0,0.0,0.0,0.0,0.0,1.0,0.0,0.0,0.0,0.0,0.0,0.0,0.0,0.0,0.0,0.0,0.0,0.0,0.0,0.0,0.0,1.0,0.0,0.0,0.0,0.0,0.0,0.0,0.0,0.0,0.0,0.0,0.0,0.0,0.0,0.0,0.0,1.0,0.0,0.0,0.0,0.0,0.0,0.0,0.0,0.0,0.0,0.3,0.0,0.0,0.0,0.0,0.0,0.4666666666666667,0.0,0.0,0.0,0.23333333333333334,0.0,0.0,0.0,0.0,0.0,0.0,0.0,0.0,0.0,0.0,0.0,1.0,0.0,0.0,0.0,0.0,0.0,0.0,0.0,0.0,0.0,0.0,0.0,0.0,0.0,0.0,0.0,1.0,0.0,0.0,0.0,0.0,0.0,0.0,0.0,0.0,0.0,0.0,0.0,0.03333333333333333,0.0,0.0,0.0,0.9666666666666667,0.0,0.0,0.0,0.0,0.0,0.0,0.0,0.0,0.0,0.0,0.0,0.0,0.0,0.0,0.0,1.0,0.0,0.0,0.0,0.0,0.0,0.0,0.0,0.0,0.0,0.0,0.0,0.0,0.0,0.0,0.0,1.0,0.0,0.0,0.0,0.0,0.0,0.0,0.0,0.0,0.0,0.0,0.0,0.0,0.0,0.0,0.0,1.0,0.0,0.0,0.0,0.0,0.0,0.0,0.0,0.0,0.0,0.0,0.0,0.0,0.0,0.0,0.0,1.0,0.0,0.0,0.0,0.0,0.0,0.0,0.0,0.0,0.0,0.0,0.0,0.0,0.0,0.03333333333333333,0.0,0.9666666666666667,69.15971602112407,0.0,0.0032256625301728993,0.0025579167662167714,0.12160911873246852,0.0060315103278237026,4.589900873239698,0.7738839453016548,0.2745512194889377,0.282440363536616,0.003501074749686338,0.014725353344871614,0.17969329044659813,0.0,0.2261591068436482,0.0,75.68732566796317,0.11607816204354576,0.0,0.0,3.638268785412854,0.0,0.0,0.008032064525366173,0.0,0.0030742277346125727,0.020092945086306588,0.0,0.0,0.0,0.0,0.1792024951283231,105.7917331568985,0.0,0.05166269127970659,0.0017775272312733304,0.0,0.0046086023980127224,0.0020050996136605796,0.0,0.0018327035109104374,9.036880984946327,0.0007985442225814277,0.0,0.025172308964495557,0.0007365503653102655,0.0,0.019662151906404947,97.314459156572,0.027150403375411997,0.9338822147517784,0.0026473853155112876,8.425679275467436,0.12159039244171901,0.010021081916825209,0.08987105692513137,0.0,1.9456009455613168,0.0,0.4997421051520573,0.1253869289906425,0.0015890896014752695,0.11477606419120512,0.0,84.12224234394625,0.053914348025969686,0.23955592418744726,0.0,0.0,0.0,0.14739974265885422,0.0012831391619457385,0.032683415735464946,0.027909813417888247,6.341514252054257,0.023412715999666916,2.2702106206548134,0.0,0.4913920913766723,0.0018749713895697432,72.44000890817802,0.057361591334485235,0.0022781922006750413,0.0,0.000623441785941942,0.06963787523461994,0.0,0.016198148711741165,0.005577204314977692,0.0,12.25628801592616,0.0,0.0,0.008600540823468816,0.0,0.05191304801138254,77.5535390194968,0.0,0.007731817665657063,0.018630001578625557,7.325512195523407,0.0,0.026829070148290748,0.006346812691970092,0.1441131826960173,0.6692316625593542,0.0020519457133472228,0.0067984714340460425,6.5374629989374275,0.0,0.001257550502923949,0.11271303052775075,106.01264095304032,0.01105251390803168,0.059913971208408315,0.11207421953122763,0.00031940549826155217,0.0018649935145126292,0.0010921995063870903,0.7294252690308108,0.0,0.0,0.0014712440152477996,0.10122808915609766,0.0,0.0018650824397473424,0.0,0.0033725015776036025,96.1437208146046,2.798861629745118,0.0,0.0,0.5069276155457112,0.0,0.0007356220076238998,0.004087297325750168,0.0,0.8124984837037291,0.0,0.005532851740652539,1.464394182100441,0.05449479738642308,0.00215756668767471,4.048193736783047,87.71285778146202,0.0005428365435971942,0.004216304898971594,0.08827403998768024,0.5299058753147223,0.0,0.0005725870112935596,0.002389763541332024,0.0379882491347018,0.02186648111302296,0.0,0.028120294710473132,1.2792436474648727,0.0,0.5614997710758906,0.0,62.4664684415954,0.4853114214020144,0.00622500553470593,0.09850994660311979,0.0,0.0,0.0,0.0,0.0,0.0,0.0,0.0,0.0,0.0,0.0,0.0,79.5910251178679,0.0,0.0,0.0,0.0,0.0,1.0039641324726865,0.0,0.0006014931033928867,0.062106611764928266,0.030072078098893847,0.032809721452089984,0.18256625336695945,0.3223170702990063,0.0,0.0,88.05706978895275,0.13385465362453539,10.680915754124095,0.0,0.0173148177512808,0.0,0.0,0.0006243502982335319,0.0,0.00366882138156567,0.0,0.0,0.0,0.0,0.021165501532455798,0.04522332960097238,110.10663326317358,0.0,0.09019316951997111,0.0,0.005144394130965769,0.8625013622656168,0.5490427415964907,0.0,1.3942701650458127,0.5546950690377636,0.0,0.0007253503919608374,0.3656247562057794,0.00024178346398694581,14.747475063481422,0.10368553661189672,47.85055647065181
38,0.2,0.5,1.3,0.95,1.6,83.58779906031688,79.08583097418642,103.48027656313612,104.06618661644161,83.26081573220515,77.644410629481,81.36896190986626,114.4482707143329,101.09905424238217,89.18780674446765,72.60599212891633,91.43231266708422,104.39865137246284,109.64438275840584,66.53777941222639,1.0,0.0,0.0,0.0,0.0,0.0,0.0,0.0,0.0,0.0,0.0,0.0,0.0,0.0,0.0,0.0,1.0,0.0,0.0,0.0,0.0,0.0,0.0,0.0,0.0,0.0,0.0,0.0,0.0,0.0,0.0,0.0,0.9666666666666667,0.0,0.0,0.0,0.0,0.0,0.0,0.0,0.03333333333333333,0.0,0.0,0.0,0.0,0.0,0.0,0.0,1.0,0.0,0.0,0.0,0.0,0.0,0.0,0.0,0.0,0.0,0.0,0.0,0.0,0.0,0.0,0.0,1.0,0.0,0.0,0.0,0.0,0.0,0.0,0.0,0.0,0.0,0.0,0.0,0.06666666666666667,0.0,0.0,0.0,0.9333333333333333,0.0,0.0,0.0,0.0,0.0,0.0,0.0,0.0,0.0,0.0,0.0,0.0,0.0,0.0,0.0,1.0,0.0,0.0,0.0,0.0,0.0,0.0,0.0,0.0,0.0,0.0,0.0,0.0,0.0,0.0,0.0,1.0,0.0,0.0,0.0,0.0,0.0,0.0,0.0,0.0,0.0,0.0,0.0,0.0,0.0,0.0,0.0,1.0,0.0,0.0,0.0,0.0,0.0,0.0,0.0,0.03333333333333333,0.0,0.0,0.0,0.0,0.0,0.0,0.0,0.9666666666666667,0.0,0.0,0.0,0.0,0.0,0.0,0.0,0.0,0.0,0.0,0.0,0.0,0.0,0.0,0.0,1.0,0.0,0.0,0.0,0.0,0.0,0.0,0.0,0.0,0.0,0.0,0.0,0.0,0.0,0.0,0.0,1.0,0.0,0.0,0.0,0.0,0.0,0.0,0.0,0.0,0.0,0.0,0.0,0.03333333333333333,0.0,0.0,0.0,0.9333333333333333,0.0,0.03333333333333333,0.0,0.0,0.0,0.0,0.0,0.0,0.0,0.0,0.0,0.0,0.0,0.0,0.0,1.0,0.0,0.0,0.0,0.0,0.0,0.0,0.0,0.0,0.0,0.0,0.0,0.0,0.0,0.03333333333333333,0.0,0.9666666666666667,73.5516903119802,0.0,0.0026852232181736463,0.0021324754941919838,0.10145214197063755,0.005023380202698963,3.8423031440675857,0.6434405504155309,0.23034556101063447,0.23691077690862894,0.0029258431826610833,0.012254052194872467,0.15066145486164942,0.0,0.18860066045388033,0.0,74.91302898571604,0.09218683720608317,0.0,0.0,2.8876382107483427,0.0,0.0,0.006376618441713221,0.0,0.0024401071566072076,0.01595725073036627,0.0,0.0,0.0,0.0,0.13825373423277434,101.76237379625597,0.0,0.03972465703099544,0.0013718673719589083,0.0,0.003560496684166784,0.001549432672448227,0.0,0.9368874468524123,6.999343926399177,0.0006163534586450088,0.0,0.019435494300993596,0.0005872413479130695,0.0,0.015683513888875258,97.63031137457895,0.021652780976652027,0.7447159897182568,0.0021117117380244662,6.720752172635827,0.09696288454212197,0.007989472757917754,0.07165899166229624,0.0,1.5521618297452164,0.0,0.39860688540602957,0.09917945762245482,0.001255136809771383,0.09080755547750613,0.0,82.62888692056347,0.04262701060628593,0.18951688912379905,0.0,0.0,0.0,0.11657572056068129,0.0010136734949287936,0.025862948280000547,0.02206294813403369,5.012007638600071,0.01895985165725548,3.2044248426323008,0.0,0.39851848681299534,0.0015184147119064486,72.6652403771223,0.04649726214192115,0.0018438923270629262,0.0,0.000504701246234053,0.056441866033280386,0.0,0.013126883807068078,0.004517922830975077,0.0,9.286519036233091,0.0,0.0,0.006484682154678347,0.0,0.039129441699669344,74.91992384464217,0.0,0.005827360337004723,0.014052707984049171,5.546561649576119,0.0,0.020251381863787915,0.004804400416320128,0.10908959907390477,0.5338968485028369,0.0016367873796045524,0.005422529461139328,5.215366598064194,0.0,0.0010029226687597763,0.08991469413671324,106.58133507451961,0.008815308767945118,0.04778945211048691,0.08940522484401309,0.0002547346463500889,0.0014872650730802868,0.0008709998597151874,0.5819443996277079,0.0,0.0,0.0011739591837853177,0.08077491196434593,0.0,0.0014882989536265613,0.0,0.0026910371750550072,95.98499962055985,2.2333534575996716,0.0,0.0,0.4044820133632674,0.0,0.0005869795918926589,0.0032426917107887497,0.7906803855272159,0.6450598301366628,0.0,0.0043922729261774585,1.1619810226660032,0.0432505866696448,0.0017121404454605094,3.2134900456490167,86.36630289524477,0.0004306480320221389,0.00334570539791451,0.070145969322327,0.4210836749764251,0.0,0.00047441834644028965,0.00197884307939994,0.03162257610487337,0.018175471674203077,0.0,0.02338382774892145,1.0659805647361824,0.0,0.46702141903465855,0.0,65.46800181748023,0.40430216296006,0.0051736828820666434,0.08197487781778842,0.0,0.0,0.0,0.0,0.0,0.0,0.0,0.0,0.0,0.0,0.0,0.0,83.95800632804121,0.0,0.0,0.0,0.0,0.0,0.8083605062897524,0.0,0.0004845255618754448,0.05003909254003034,0.02422518408140999,0.026432282378283267,1.0628968039326265,0.2595515430010206,0.0,0.0,89.66607804126758,0.10777230570638274,9.520679440185296,0.0,0.013803071375170815,0.0,0.0,0.0004976850892005816,0.0,0.00292456767294174,0.0,0.0,0.0,0.0,0.01687146239163715,0.0360519141385696,108.89719841733086,0.0,0.07248001548175319,0.0,0.004131048479141467,0.6936534282639273,0.44143714594008077,0.0,1.1215442734217227,0.44573388031776073,0.0,0.00058255018071778,0.29389362610186187,0.0001941833935725933,12.431782446965439,0.08332802389920435,50.68605912755247
39,0.2,0.5,1.3,0.95,1.6,83.35616243007496,79.6698849551797,101.1524462464827,102.89568561801492,94.77014761498886,76.75063859421066,79.51645306807056,113.17551142613875,100.32255405565876,87.28504797112339,72.79841981917855,91.62924567381765,100.95112541513804,108.39543444609805,60.97894214164414,1.0,0.0,0.0,0.0,0.0,0.0,0.0,0.0,0.0,0.0,0.0,0.0,0.0,0.0,0.0,0.0,1.0,0.0,0.0,0.0,0.0,0.0,0.0,0.0,0.0,0.0,0.0,0.0,0.0,0.0,0.0,0.0,1.0,0.0,0.0,0.0,0.0,0.0,0.0,0.0,0.0,0.0,0.0,0.0,0.0,0.0,0.0,0.0,1.0,0.0,0.0,0.0,0.0,0.0,0.0,0.0,0.0,0.0,0.0,0.0,0.0,0.0,0.0,0.0,1.0,0.0,0.0,0.0,0.0,0.0,0.0,0.0,0.0,0.0,0.0,0.0,0.0,0.0,0.0,0.0,1.0,0.0,0.0,0.0,0.0,0.0,0.0,0.0,0.0,0.0,0.0,0.0,0.0,0.0,0.0,0.0,1.0,0.0,0.0,0.0,0.0,0.0,0.0,0.0,0.0,0.0,0.0,0.0,0.0,0.0,0.0,0.0,1.0,0.0,0.0,0.0,0.0,0.0,0.0,0.0,0.0,0.0,0.0,0.0,0.0,0.0,0.0,0.0,1.0,0.0,0.0,0.0,0.0,0.0,0.0,0.0,0.03333333333333333,0.0,0.0,0.0,0.0,0.0,0.0,0.0,0.9666666666666667,0.0,0.0,0.0,0.0,0.0,0.0,0.0,0.0,0.0,0.0,0.0,0.0,0.0,0.0,0.0,1.0,0.0,0.0,0.0,0.0,0.0,0.0,0.0,0.0,0.0,0.0,0.0,0.0,0.0,0.0,0.0,1.0,0.0,0.0,0.0,0.0,0.0,0.0,0.0,0.4666666666666667,0.0,0.0,0.0,0.0,0.0,0.0,0.0,0.5333333333333333,0.0,0.0,0.0,0.0,0.0,0.0,0.0,0.0,0.0,0.0,0.0,0.0,0.0,0.0,0.0,1.0,0.0,0.0,0.0,0.0,0.0,0.0,0.0,0.0,0.0,0.0,0.0,0.0,0.0,0.4,0.0,0.6,75.46047235983167,0.0,0.0021719755074189285,0.0017255606301892071,0.08210839005402866,0.004063748965776121,3.112570721574265,0.5202834603117283,0.1867096184436785,0.19201950319403915,0.0023690834718635275,0.009910930336302193,0.12209909585161315,0.0,0.15262469894668484,0.0,75.57075841834146,0.07442298859914324,0.0,0.0,2.333013473433238,0.0,0.0,0.005150170200056899,0.0,0.0019712987516763637,0.012882529213826672,0.0,0.0,0.0,0.0,0.10864807241202248,99.78148867749158,0.0,0.03116530760214513,0.001078299969062675,0.0,0.0028000301349169246,0.001218632904173123,0.0,0.7373172514337489,5.5113933383076565,0.000484479010483273,0.0,0.015279607313074477,0.0004689641541278024,0.0,0.012527649683060136,97.75061450741234,0.017294216512926675,0.5947817945902533,0.0016867998137409465,5.36839468403396,0.07744199314114705,0.006380218943234302,0.05722855984988241,0.0,1.2399384870234051,0.0,0.31839336546633723,0.07897672194720402,0.0009988718062115406,0.07231711206506418,0.0,81.59550863548722,0.033937850030009716,0.15092277651767366,0.0,0.0,0.0,0.09282426831481697,0.0008067714260850319,0.02059823762328894,0.017564366815971594,3.989738374248606,0.01513520465346136,2.557676940960901,0.0,0.3180458404551059,0.0012121086311628283,72.75204662542593,0.03711131041628133,0.0014720779995163105,0.0,0.0004029147942280361,0.045049412121541434,0.0,0.010477553588666061,0.0036063484060436545,0.0,7.296799241045266,0.0,0.0,0.0050866800647187,0.0,0.03069039352230838,74.29812848594833,0.0,0.004570439275699587,0.011024765486017071,4.35709966622236,0.0,0.015891620426697617,0.003773789653356565,0.08568809870263792,0.42648494223363775,0.0013074032156353693,0.004331119045540454,4.166087331013856,0.0,0.0008010132408515553,0.07182308163594868,106.88312850179614,0.007040899733452133,0.038171335107429774,0.0714161774189573,0.00020345210849569132,0.0011878021359422225,0.000695627122218957,0.46487737107110755,0.0,0.0,0.0009422178098642098,0.06482847574741617,0.0,0.0011944240708012517,0.0,0.00215982693696564,96.23972096234452,1.7924458826502137,0.0,0.0,0.324650729779262,0.0,0.0004711089049321049,0.0025765444428673847,1.4012491720007163,0.5128441050234686,0.0,0.0034917580280299366,0.9234001773151344,0.03437651479747444,0.0013606874556972041,2.5545331291856663,85.02020539104221,0.00034216945559055803,0.00265883060674643,0.05580978359189949,0.335024048686653,0.0,0.0003858919377486478,0.001609140174145934,0.025777119134927386,0.01480568681118539,0.0,0.019052205275551244,0.8693440213406195,0.0,0.3805471241593318,0.0,67.17994457554292,0.32968400254388225,0.004214258812997049,0.0668113697756489,0.0,0.0,0.0,0.0,0.0,0.0,0.0,0.0,0.0,0.0,0.0,0.0,85.73146341235021,0.0,0.0,0.0,0.0,0.0,0.6456905325763005,0.0,12.66742334641538,0.03996323842441831,0.019347933208511636,0.02111034593220784,0.8490057363237086,0.20731473429859693,0.0,0.0,82.19655466976083,0.08608543151975588,7.603866454173617,0.0,0.0110215863212908,0.0,0.0,0.00039738005177201747,0.0,0.002335166439698269,0.0,0.0,0.0,0.0,0.013471098423761646,0.028787303995854087,107.7982887379666,0.0,0.058247209881662744,0.0,0.0033173995989971335,0.5578761859328037,0.35493112225888185,0.0,0.9021909064307038,0.3581864615903135,0.0,0.00046787566011084313,0.2362420066478654,0.00015595855337028106,16.913816043589772,0.06696937620448203,48.331387712869834
40,0.2,0.5,1.3,0.95,1.6,82.0528981594693,81.35158942199337,99.49610695711718,99.68010969887287,92.47814792984808,75.74695349281528,78.94436657010168,113.58543593195814,99.23216150922046,85.34514064584637,72.27747838316968,90.97268570407273,112.04227106351314,107.0771715852138,55.561044198375555,0.9666666666666667,0.0,0.0,0.0,0.0,0.0,0.03333333333333333,0.0,0.0,0.0,0.0,0.0,0.0,0.0,0.0,0.0,1.0,0.0,0.0,0.0,0.0,0.0,0.0,0.0,0.0,0.0,0.0,0.0,0.0,0.0,0.0,0.0,1.0,0.0,0.0,0.0,0.0,0.0,0.0,0.0,0.0,0.0,0.0,0.0,0.0,0.0,0.0,0.0,0.9,0.0,0.03333333333333333,0.0,0.06666666666666667,0.0,0.0,0.0,0.0,0.0,0.0,0.0,0.0,0.0,0.0,0.0,0.6333333333333333,0.0,0.0,0.0,0.0,0.0,0.0,0.0,0.36666666666666664,0.0,0.0,0.0,0.06666666666666667,0.0,0.0,0.0,0.9333333333333333,0.0,0.0,0.0,0.0,0.0,0.0,0.0,0.0,0.0,0.0,0.0,0.0,0.0,0.0,0.0,1.0,0.0,0.0,0.0,0.0,0.0,0.0,0.0,0.0,0.0,0.0,0.0,0.0,0.0,0.0,0.0,1.0,0.0,0.0,0.0,0.0,0.0,0.0,0.0,0.0,0.0,0.0,0.0,0.0,0.0,0.0,0.0,1.0,0.0,0.0,0.0,0.0,0.0,0.0,0.0,0.03333333333333333,0.0,0.0,0.0,0.0,0.0,0.0,0.0,0.9666666666666667,0.0,0.0,0.0,0.0,0.0,0.0,0.0,0.0,0.0,0.0,0.0,0.0,0.0,0.0,0.0,1.0,0.0,0.0,0.0,0.0,0.0,0.0,0.0,0.0,0.0,0.0,0.0,0.0,0.0,0.0,0.0,1.0,0.0,0.0,0.0,0.0,0.0,0.0,0.0,0.03333333333333333,0.0,0.0,0.0,0.0,0.0,0.0,0.0,0.9333333333333333,0.0,0.03333333333333333,0.0,0.0,0.0,0.0,0.0,0.0,0.0,0.0,0.0,0.0,0.0,0.0,0.0,1.0,0.0,0.0,0.0,0.0,0.0,0.0,0.0,0.0,0.0,0.0,0.0,0.0,0.0,0.36666666666666664,0.0,0.6333333333333333,75.78036731759704,0.0,0.0017402092734312227,0.001382611549413732,0.06579129220208628,0.003255975310541398,3.2167549896766174,0.41683778474957905,0.14963648908228744,0.15389077238002893,0.0018984051357758547,0.007940640718477106,0.09785270840577114,0.0,0.12229243917110899,0.0,76.00055153173282,0.0598955329708072,0.0,0.0,1.8785553408844233,0.0,0.0,0.004146052999135755,0.0,0.0015872269576087295,0.010367920239815554,0.0,0.0,0.0,0.0,0.08614759722483663,98.40527551169146,0.0,0.02468996919692943,0.000855071438792158,0.0,0.0022209519825757552,0.000966659831625099,0.0,0.5850459818292547,4.374382315791812,0.00038419058117006684,0.0,0.012117697504006552,0.0003741154407658322,0.0,0.009997711945137192,95.59330608500255,0.013799696315664309,1.36632571347877,0.001346166727669488,6.067786830144696,0.061790147684584386,0.005089705740501955,0.04565720868556706,0.0,0.9896694458101742,0.0,0.25408780146069077,0.06723446273604082,0.0008569656364524021,0.06148790515116054,0.0,81.213347749642,0.028959568697359963,0.12836981871589875,0.0,0.0,0.0,0.0790799740810072,0.0006914604128375791,9.05225046350705,0.01500157443010835,3.4112997980176427,0.012076208752454343,3.3707525115696853,0.0,0.2536847064949745,0.0009671217016066239,71.64984025054174,0.029604459472597884,0.0011746935879986273,0.0,0.0003215043219879553,0.0359377477346653,0.0,0.008358618453692174,0.002877265331351627,0.0,5.792060663253419,0.0,0.0,0.004034709025580142,0.0,0.024342186004202335,74.06619714647576,0.0,0.0036250120088351604,0.008745309476733276,3.4582125856485413,0.0,0.012607236346167,0.0029951351395995714,0.06800778864984042,0.3403104218340992,0.0010431109034144666,0.003455316438656141,3.3242602168572155,0.0,0.0006389725377546649,0.057307699921291616,106.78888604800125,0.0056169774533306426,0.030453514419924096,0.056983107742102225,0.00016229608959469059,0.000947453298844846,0.0005548746942197681,0.3709610862824141,0.0,0.0,0.0007531230554511253,0.05181826155262197,0.0,0.0009547312797719029,0.0,0.0017263678346894616,95.98838690366294,1.4327264344713255,0.0,0.0,0.2594932093114795,0.0,0.00037656152772556266,0.002045326183421458,1.8688613582444986,0.4073807410939436,0.0,0.0027734752974711164,0.7331324219762895,0.027298872646181017,0.001080396117253697,2.0289368516217587,83.53670006395896,0.0002716133092121363,0.002111042372615195,0.04437046484042453,0.26635421738723564,0.0,0.000309936053854414,0.0012923245854859864,0.02071381839369493,0.011895568562326176,0.0,0.015308135366658149,0.6986596286603688,0.0,0.3057703388618912,0.0,67.81809987655703,0.26494759337313895,0.0033858896744989988,0.0536859074980846,0.0,0.0,0.0,0.0,0.0,0.0,0.0,0.0,0.0,0.0,0.0,0.0,86.28792451280786,0.0,0.0,0.0,0.0,0.0,0.5095453750387647,0.0,10.8712067165632,0.03149284534111401,0.015252139763424011,0.01663913672629539,0.6699937960562146,0.163559106783732,0.0,0.0,82.73415874812493,0.06793854205341741,6.8689844538728595,0.0,0.008791742138301138,0.0,0.0,0.00031696468147502125,0.0,0.0018626442756746514,0.0,0.0,0.0,0.0,0.010744990863630151,0.022963518107749274,106.60296096728224,0.0,0.04482742766034307,0.0,0.0025694321068190054,0.4264352598703247,0.2719626642897996,0.0,0.6884207238083514,0.275791442855953,0.0,0.00036195433532108383,0.1814123755310622,0.00012065144510702789,18.802536837093335,0.05151082143968895,44.439624291931416
